0,-0,0,-0,0.0190878976136446,-0.0146758947521448,-6.00176580685828e-38,0,-0,0,-0
-0.00548072019591928,0,0.0541263520717621,-0,-0.0108587862923741,-0.0335978120565414,-1.58000897218097e-37,-0.0562335923314095,0.0241554453969002,-0.0458285994827747,0.0515275374054909
0.00833543576300144,3.59241560256375e-37,0,-0,-0.0187400225549936,-0.0384442955255508,2.19272538046047e-37,-0.035441305488348,0.0460626594722271,-0.0538674667477608,-0.0869263708591461
-0.0147205833345652,-4.39808128055122e-37,-0.13121497631073,0,0.0232651699334383,0.0721389874815941,-2.97590055440716e-37,-0.110873654484749,0.0466194748878479,-0.0760390684008598,0.100109100341797
0.00640192767605186,-3.73207651847813e-38,-0,0,0,-0.0159535855054855,1.83892823468079e-37,0,0.00747024267911911,0,-0.0241304636001587
-0.00401734933257103,-1.17770391824083e-37,-0,0,-0.006183504126966,0,6.82845454913469e-38,0,-0,0,-0
-0.00738754123449326,-6.80555677170824e-38,0,-0,0.00819324143230915,0,0,-0,-0,0,-0
0.00966268312186003,-4.64293004911882e-37,-0.183964222669601,-0.221677839756012,0.0213682167232037,0.0533385388553143,-2.66165275965356e-37,0,-0.0586424693465233,-0.0623256489634514,-0.107756018638611
-0.0154015654698014,2.61926157534183e-37,0,0,0.00466452958062291,-0.0366194918751717,-1.21390573539147e-37,-0.0131160151213408,0,0.0419303923845291,0
0.00533781759440899,-8.6077936316069e-38,-0,-0,3.3728480048012e-05,0,4.06227148211931e-38,-0,0,0,0
-0.00428742729127407,2.28804596195117e-37,-0,0,-0.00846998859196901,-0.0192550122737885,-7.14084881838355e-38,-0.0209846124053001,0.0145273450762033,0.00588973565027118,0
