0,0.00786216673584085,0.00206136257612391,0.199250494087828,0.0198338882771178,0.022534354860792,0.193484667971648,0.00172073790302671,0.0324863026942382,0.160740353172628,0.0103391847478917,0.19047623442425,0.00396177202283317,0.102025133525729,0.00725650645954696,0.00938748993058541,0.00887809865637435,0.0317839725713378,0.00489639211384642
0.00630768034101212,0,0.0198592077981698,0.00399626502113539,0.0306603977994264,0.0332948276131923,0.00352562621507175,0.0152740340359485,0.0397142522028047,0.0457208926958261,0.0584985415886513,0.00287659588555032,0.0175134994432721,0.00871260742025222,0.0277251533196753,0.19371251868567,0.0251930341757503,0.04222986464176,0.0185860864766218
0.00238863734182125,0.0660121491156218,0,0.00213660928016015,0.0209136775134903,0.0212279703325605,0.0017891857395944,0.182634902284187,0.0312747825587097,0.0225382317737425,0.111272079537395,0.00211385891390775,0.289321323426922,0.00647144498935904,0.047654313220304,0.0661589997671117,0.176802180832011,0.0311620633533105,0.175544886867474
0.279418237000834,0.0124762902301873,0.00315367805647468,0,0.0454374869499832,0.0420573763507417,0.283902026463509,0.00204595252611821,0.0305318503295633,0.0935729778351471,0.0157299195683731,0.287753060586649,0.00490229506565225,0.172056411175937,0.0136097916596644,0.00803995422421602,0.0191211944464384,0.0317217348455148,0.00489717369490274
0.019241194272679,0.0727498704925698,0.05157903437308,0.0271729467253999,0,0.381006797218024,0.0293386358917057,0.0257424084502535,0.0322184615373445,0.0160884901010709,0.0309584569152147,0.0234133424040196,0.0166647816701152,0.0858722427544421,0.22327414212948,0.0451832001418336,0.0503816035792595,0.0309970684204535,0.0226368982952689
0.0250309410842594,0.0900832995225551,0.04411019787524,0.0246475024281777,0.370333739520331,0,0.0210338400070567,0.019052720170974,0.033999408600244,0.017650175905786,0.0294891372751304,0.0224068758914252,0.0133984704303489,0.0665748458592158,0.217716389184504,0.0500170488471915,0.0418059887946493,0.0314234871396787,0.0225891167425838
0.18748154536461,0.017055188460902,0.00281665282414322,0.224701229624749,0.0585325409578589,0.0524061701216181,0,0.00271512760931432,0.034339473563554,0.0767293889673082,0.017582557893565,0.255361036324051,0.00591775636186035,0.208871362718876,0.0158027311532464,0.00708319059725961,0.037514937170371,0.0297245648882893,0.00538232980234929
0.00164685815057462,0.0339388774771476,0.246537183155626,0.00155839068338938,0.00713497758485725,0.00691204976723571,0.00171927107948536,0,0.0311506137345359,0.00989686960901328,0.137861779576575,0.00156867991315896,0.112494935410716,0.00214032409566646,0.0598982444113198,0.0152760942310389,0.013687653676825,0.0315168075456293,0.326528843820603
0.00170011099552972,0.0080935318250859,0.00245757581883657,0.00150874794295662,0.00238899867107252,0.00231447635012419,0.00152254589618345,0.0022825822993642,0,0.00566661110237268,0.0089948681337808,0.00159877172052442,0.00310345075089125,0.00267396644505505,0.00423916428813095,0.0095992880201624,0.0043604182348878,0.0702401864378365,0.00923521759406241
0.0823348015562711,0.0192054747872237,0.00942688281405621,0.0653279256726326,0.00326140571784672,0.00367433110742388,0.0556976708921896,0.00595315610227771,0.0364069770516577,0,0.065560025604628,0.0553751170252119,0.036747320651592,0.00680252881489206,0.0322063296201547,0.144860996727237,0.133292103666032,0.0391681155281837,0.00736336152409152
0.00403519756978063,0.137800206520548,0.0865126960927353,0.00346043549630009,0.0100733198462312,0.0107139528428588,0.00400228679487041,0.124130445142719,0.0422270463478244,0.0285765722253332,0,0.00363496291950774,0.191059573704852,0.048710499758421,0.0187622194530509,0.0206025860983747,0.0160221930327725,0.0422396040472287,0.131472670115461
0.248437876301803,0.0115910462317717,0.00264437851231438,0.290377821969076,0.0345575943681436,0.0329080506287069,0.238993159057488,0.00215943456439908,0.0346237870785926,0.0683958755625132,0.0154860402117181,0,0.00653662159550178,0.161991784764581,0.0091232821788153,0.00983070454529717,0.0193366109326979,0.0307929120405577,0.00528471220168935
0.00388895398092566,0.0713508711722685,0.216902139050453,0.00363290427474611,0.00707099242791104,0.00601164311046606,0.00388937067613155,0.0803170050979962,0.0302234198696235,0.0618274401823905,0.243593634919934,0.00267962700625534,0,0.0248048309661429,0.0129933601849526,0.0684046217207471,0.252743665308387,0.0314087236947502,0.0737225380724065
0.08103860985526,0.0508166406274895,0.00902125637680763,0.100364012007618,0.169417498493313,0.179276627550056,0.102069779874069,0.00579267805343517,0.0332444964893355,0.0152755572231717,0.0603695149773102,0.0967474131754938,0.0269965042328158,0,0.105783974812264,0.0157150528027531,0.0709539828397098,0.0307022088843615,0.00889933691234757
0.00659127922586991,0.0299481741158355,0.0517226374992283,0.00800753115073669,0.150637532948006,0.138499890592753,0.00788378992956504,0.0798922174703583,0.0297315096807079,0.0505755592733621,0.0152129233541297,0.00708211895265201,0.0133191792604476,0.0215798844739603,0,0.166261165294805,0.0300003778004277,0.0317157845260015,0.0817806605770904
0.00287878550739815,0.266581170039308,0.0103186269967282,0.00276378040136587,0.00825469871945865,0.00801618453923694,0.00308667801588895,0.00774749752565641,0.0405328352675939,0.108566341321834,0.0105766007793122,0.00306956192954583,0.00815157295183673,0.00428231739614594,0.0684873786163143,0,0.0368252421633072,0.0372367614971262,0.00719987563178647
0.0233977068538429,0.0169613986050812,0.0671135489927791,0.0217172283086702,0.025971350108499,0.0217569971432358,0.0260122769857232,0.0302957779825245,0.0350916820960333,0.157549005161011,0.03058188924533,0.0221859655106424,0.163724188040205,0.0445684056760158,0.0204395275822791,0.112821110576757,0,0.0344187867635016,0.0237032169773044
0.00169448216444659,0.00828666643936013,0.00274025767471484,0.00146523287043093,0.00214266358388209,0.00248307146421485,0.00157116743920425,0.00245158184017644,0.0740155047056606,0.00621208376166843,0.00775619206869564,0.00145968636953316,0.00287138170407733,0.00234703600382737,0.00397812170169832,0.00829695410540388,0.0043220125071602,0,0.0134359463517844
0.00171044748489955,0.0248357434571913,0.145432146000065,0.00127052758323072,0.00715956991200336,0.0068257207900052,0.0015500386214628,0.386283696437104,0.0389726479255541,0.00476428145709802,0.0734453851060138,0.0019646477938328,0.0500678841482309,0.00274391182681032,0.0612833253466162,0.00791161360940901,0.00839584710039148,0.0519819755864895,0
