0,0.00603574170085162,0.00211389354694318,0.247684113753029,0.0327430417890052,0.0242779284604876,0.198293385843214,0.00223208101039828,0.0271450799189738,0.116395839233683,0.00561984165290501,0.212179163045491,0.00307842585229444,0.102695088501411,0.00630623050054434,0.0186901115463255,0.00888725627433986,0.0308095972794593,0.00383297187686575
0.00496079944131928,0,0.0147517864278761,0.00461114156054474,0.0289527314370121,0.0281660326515243,0.00374480970784974,0.010556257366862,0.0449074266535339,0.0398636939779171,0.0395489625061087,0.00611613956017373,0.0208937000576067,0.0101012707888219,0.0375370382475952,0.209230839751489,0.0175800295321948,0.0394840517681421,0.016262727784722
0.00237491938666406,0.0670255808952686,0,0.00164235973878187,0.0195875488714343,0.0206339007743612,0.00164553615170067,0.190695964817372,0.0333189035983834,0.0212653117242673,0.145141785431659,0.00259883388082939,0.286516929609403,0.0102283764758907,0.0592774504520129,0.0490667121865838,0.158476357624687,0.0289815303399239,0.163409296224605
0.285272110932279,0.0083728427589487,0.00252135702300264,0,0.0288637353359858,0.0351857799869284,0.297038291383181,0.00215696662030194,0.0301813118441945,0.0851605688910927,0.0108182654334386,0.282401192405136,0.00381211320460444,0.139967823830885,0.0110381485447241,0.0121556802542011,0.0138245913924246,0.0317330418734949,0.00414902227518392
0.0258274476510702,0.107949935123709,0.0433610128216652,0.0232374700941519,0,0.409590358505827,0.0275176741669731,0.0249385407061623,0.031096458232908,0.0180544389952985,0.0294493717072812,0.0245449359590588,0.0145808092319461,0.0746352463980534,0.235691132140454,0.0574391783194365,0.0421221524068998,0.0289686724178066,0.0228134854957074
0.0193684217426212,0.0864667424644573,0.0495998470846872,0.0235559083480328,0.393361832936957,0,0.0181776316337868,0.0220830025219785,0.0278352395286512,0.015922287550402,0.0282612948642312,0.0229944543840162,0.0137941478999042,0.0738537099451301,0.212089954422023,0.0387401107891287,0.0406550094812138,0.0293377387268695,0.0289348597815421
0.189318885249773,0.0100485874107224,0.00424511496778651,0.247807619063907,0.0634473608068929,0.0555575972168869,0,0.00175927344431854,0.0304036745275136,0.0536617906668213,0.0118161303013182,0.233742810059885,0.00823853285988339,0.220035709752294,0.0148298528888118,0.011132103740153,0.0273846532408165,0.028436064371914,0.00404749223430325
0.001641183731981,0.0325003454070637,0.276328661550524,0.00131419613041554,0.00911208809357024,0.00869521437831246,0.00113737630094563,0,0.030909731898099,0.0078228928903584,0.111562505246682,0.00143083148099708,0.0917207212474609,0.00272644500523028,0.0516574728712333,0.00817900951400513,0.0104956184196978,0.0307390034916077,0.35337152061251
0.00144374128690707,0.00845007910798391,0.00285043435058801,0.0011167388915799,0.00205284524777194,0.00193592273695322,0.00156325817695131,0.00250623371383895,0,0.00611091277748366,0.00829162844560621,0.00122657677939547,0.00320816113504139,0.00211054573800635,0.00460666602538077,0.0119595572446819,0.00555875029166647,0.103902844542567,0.0102050050027418
0.0807807259258261,0.015668528888974,0.011382239305516,0.05994514673977,0.0027678296289388,0.00281142426616237,0.0503867975275206,0.00663018620347169,0.0398861609385243,0,0.0534096717466907,0.0585551334582087,0.0329630700682091,0.00532383061267661,0.02835503863306,0.137793627748078,0.149954006981698,0.0425999879209344,0.00659913319608698
0.00404935675393511,0.106915689180921,0.0835441434304632,0.00373529087685512,0.0112056191799731,0.0109793818560181,0.00375529883970647,0.123145345899814,0.0390534950694074,0.029433883414675,0,0.00419877259457772,0.220730815911534,0.0508246129753303,0.0144939194898046,0.012696056296032,0.0406957240153915,0.0401797571159597,0.12549474833776
0.222616058295656,0.00816751012964659,0.00268348561677869,0.220677600124342,0.0353774606598483,0.026439449237215,0.24803372658189,0.00230423771762657,0.0301213216022828,0.0626380963937881,0.0126185534706007,0,0.0056448153586438,0.16458393938203,0.0136109273846766,0.00975283315034457,0.0125261120612326,0.0293124150782748,0.00475067987307303
0.00347765417801043,0.0890665200064258,0.225242704916024,0.00501047293574211,0.00599262901978436,0.00708753164723624,0.00520295723125976,0.0856753821304586,0.0303378146620893,0.121262258180044,0.283914970943843,0.00435393058778762,0,0.0312065043757282,0.013899681046307,0.0601843502810461,0.254710975685324,0.0278440758269401,0.0683344146669744
0.0964732789560284,0.0427550234414743,0.00660906142670156,0.103187478620532,0.154592572062572,0.154198301120894,0.0860158883195572,0.00402828268833265,0.0314025538114692,0.0162135515062826,0.0515102376469303,0.0928508289559091,0.0241664050330622,0,0.112677617529767,0.0284402944178811,0.0992128887166214,0.030691876699803,0.00675941579270216
0.0112490975657684,0.0430734601131633,0.0578450217136185,0.00921384451577774,0.151258406292621,0.153600837163603,0.0102080772485264,0.078572548167592,0.0336932568930086,0.0610605707909092,0.0134309304839781,0.00974804373751035,0.0188661992940233,0.0273696800957839,0,0.186310959346606,0.0287985105041204,0.031130416761783,0.0891817257668053
0.00264488201094773,0.266914066004916,0.0105090076656949,0.00284956479469203,0.00739535106065415,0.00901242248004048,0.00146218881120555,0.00682413090218674,0.0390899842855704,0.0887493297460772,0.012900397815104,0.00128284985219671,0.0121518039085581,0.0061380744543938,0.0601198991291687,0,0.0314338752508924,0.0345946595620186,0.00804880653328799
0.0255288104903642,0.0156981155698602,0.0648043993520609,0.0275438056227295,0.0230042645765042,0.0209571685587664,0.0272584681703535,0.021838475992569,0.0330353018498237,0.195677558954539,0.0366321401960739,0.0243408918426295,0.152157982668098,0.0490268739857377,0.0210193039469254,0.0877849743250347,0,0.0313479675610059,0.0217754427850269
0.00202572503602861,0.00894264696032105,0.00283049657835352,0.00141541310407623,0.00181741053860968,0.00179553082251164,0.00122171039398488,0.00298759686771355,0.0971323276124579,0.00574309926879576,0.00748670161320692,0.0012927922493996,0.00352387963795144,0.00202859103022212,0.00364560184548512,0.0106248802650645,0.00433315851050798,0,0.0142781795735143
0.00184245574141001,0.0283094138748983,0.113991368049074,0.00117621499435089,0.00681329461349083,0.00748635002864813,0.00128007761267955,0.388517971217274,0.0440397099029621,0.00574322063156497,0.0860498666007428,0.00115390952175349,0.0529131661294927,0.00214394644129588,0.0585265348729734,0.00662567409571954,0.00558964701764024,0.0505216020310615,0
