0,-0.0063982829451561,-0.00618370296433568,1.66094550519507e-37,0.00350739760324359,-0.0101426541805267,-1.36847007704526e-37,1.33252968613614e-37,0.0281913783401251,-1.848505605217e-37,-1.83096403893671e-37
-0.0150311319157481,0,-0.00280073843896389,-7.30333890415157e-38,-0.00260311109013855,-0.00473892875015736,-1.26054868345172e-38,-6.19523692011436e-38,0.0121875135228038,-6.07557892320689e-38,5.44278616788095e-38
-0.021883537992835,-0.00748599460348487,0,1.55564240975615e-37,0.00397523492574692,-0.0115734245628119,1.45666522400069e-37,2.25504459838918e-37,0.0299592185765505,1.88513319289303e-37,2.16946674065348e-37
0.0334708169102669,-0.00861009955406189,0.00492363143712282,0,0.00395211623981595,-0.00617193197831511,1.56752463600648e-37,2.39742750854455e-37,-0.0195089560002089,1.43207165122465e-37,1.48041700876324e-37
0,-0.00485056871548295,0.00137129193171859,4.58869839725098e-38,0,-0.0031508260872215,0,-3.06766542512255e-38,-0.00835177581757307,0,-3.66926079247753e-38
-0,-0.00300036487169564,-0.0025152089074254,-3.49507659076503e-39,-0.00195459998212755,0,8.12575144403425e-40,-4.4118071671651e-38,-0.013909749686718,-2.5926423415577e-38,9.52702692706425e-38
-0.024153670296073,-0.00567368371412158,0.00497684627771378,1.88220055546689e-37,0.00213983654975891,0.00654915859922767,0,-1.74268997085177e-37,-0.0181006863713264,-1.81610657578692e-37,1.14606820411024e-37
0.0185653269290924,-0.00498519046232104,0.00483359210193157,1.04045928929446e-37,-0.00223403237760067,-0.00682237790897489,-1.19459528203368e-37,0,0.0151360714808106,1.81996093129095e-37,-1.20530109019725e-37
0.00913240294903517,0.00446195900440216,0.00403759814798832,-6.59799700369183e-38,-0.00217877281829715,-0.00753284711390734,-7.32540767340653e-38,7.4201741254325e-38,0,-1.12201306625613e-37,-1.15345618592579e-37
-0.0202404391020536,-0.00396025506779552,0.00655858078971505,1.6411822642775e-37,0.00189580721780658,-0.0109973289072514,-1.64454807108493e-37,1.41247858399259e-37,-0.0212145335972309,0,-1.77329567455915e-37
-0.0128671890124679,0.00501805217936635,0.00534739997237921,1.68040404777456e-37,-0.00175686099100858,0.0101397586986423,1.22044183984458e-37,-1.36927812179173e-37,-0.020165866240859,-1.5019776111431e-37,0
