0,-0.00388430966995656,-7.55130707520463e-38,0,-8.83601078106499e-38,0,2.30914620975953e-38,9.71105889386464e-38,-0,-8.23991298784525e-38,-1.00757479402439e-38
-0.026512872427702,0,-1.65480019485768e-37,-0.0157252624630928,2.13997714314697e-37,-9.72913788613197e-38,1.7608528168192e-37,2.67910710911744e-37,0,-1.63584679234861e-37,-2.32060406678293e-37
-0.0353211387991905,-0.0220177881419659,0,-0.0195553153753281,3.16207348105328e-37,2.20920308094665e-37,-2.77217776579383e-37,3.73542382814583e-37,-0,2.49129522378744e-37,-1.80871691241321e-37
0.0175522938370705,-0.00631781807169318,-1.14300933771843e-37,0,9.152232837199e-38,8.16233710486022e-38,1.26506837546661e-37,1.83285792183721e-37,-0,9.83239116217728e-38,-4.68808352901537e-38
-0.0183824487030506,0.0118310879915953,1.1205264567413e-37,0.00373752391897142,0,2.2171904821933e-40,-3.26694744285049e-38,-7.86919667651119e-38,0,8.56777478954332e-38,-1.64165747261272e-37
0.0328342877328396,-0.0151756703853607,3.02431508003795e-37,0.0208921525627375,2.40485752931403e-37,0,3.42875963647341e-37,-3.80622661908145e-37,-0,2.22720046159142e-37,8.01198226379326e-38
0.0225860550999641,0.00305029563605785,-1.02473694473249e-37,0.0134219033643603,-1.04659495869841e-37,1.27110449662766e-37,0,1.9219936203219e-37,0,-1.10717353972668e-37,-6.82242784469932e-38
0.0271306540817022,0.0156506262719631,2.60612905454968e-37,0.0183960255235434,-2.29645756426894e-37,-2.73847799507722e-37,3.01832828458284e-37,0,5.70758113089363e-39,-2.01875922078901e-37,1.02209106902409e-37
-0.0447660833597183,0.0211997572332621,-2.87867487962823e-37,-0.0280340984463692,2.42875336755871e-37,-2.92081853857923e-37,3.27058151423593e-37,3.52085835253494e-37,0,-2.43777033081307e-37,-2.24808496548821e-37
-0.0156303271651268,-0.0117199933156371,1.89148858589619e-37,0.00667264917865396,1.28352751198135e-37,1.13866385512862e-37,-9.9937658143677e-38,-2.43757975422192e-37,-0,0,-7.37309105755057e-38
-0.0153102120384574,-0.0103503558784723,-6.47226409768182e-38,-0.00287673273123801,-5.87320956470235e-38,0,-0,9.52948536509006e-38,-0,-7.16567870613261e-38,0
