0,6.86465345158451e-38,0,6.13213084507196e-38,0,0,8.0973779527286e-38,-0,1.2377885695864e-37,-8.97909904881536e-38,2.31809658331086e-39,9.08419923623665e-38,0,1.87057874652317e-37,1.79717074556059e-38,-2.62371591079635e-37,0,0,0
1.6892641777048e-37,0,-6.09426551848836e-38,-1.53709807429478e-37,-1.7818657917592e-37,-5.51641823646798e-38,-1.59714023827091e-37,-1.63354978390589e-37,3.98466863815183e-37,-2.07137136399566e-37,7.99337358070641e-38,-1.76264266732172e-37,-1.4576879476719e-37,-1.52783582775723e-37,-1.39219361163077e-37,3.16099526596289e-37,1.21426727039526e-37,0,5.27370157153982e-38
1.23754003529077e-37,-2.4825067282347e-37,0,-1.22022547936169e-37,-2.33395003335716e-37,-1.09924773956052e-38,-1.56377644287411e-37,2.4516176259259e-37,5.57075689148655e-37,2.77764731395978e-37,-2.44929455333174e-38,-1.48175967689982e-37,1.31943068440326e-37,0,1.11794201395757e-37,-2.74054384532526e-37,1.94520517650048e-37,0,1.19216184317248e-37
1.43278687396084e-37,-1.96418099978498e-37,-0,0,1.35748625126638e-37,1.82724457242285e-38,1.42354065827772e-37,6.33823718632117e-38,4.30832508710653e-37,-2.66887516404257e-37,4.37369857516809e-38,1.43276086586135e-37,-6.10232522673577e-38,1.45637027869992e-37,7.63795608548646e-38,-3.58050972239534e-37,-8.16661835192843e-38,0,0
1.03196842953555e-37,-1.2777788251613e-37,-0,7.91858852374294e-38,0,0,1.10620866165609e-37,9.30138704574174e-38,3.84110034159953e-37,1.24324444107934e-37,-0,1.19663299420857e-37,7.97892731457799e-38,1.61253103561622e-38,4.04601585941375e-38,-1.88101068491487e-37,-4.01411361831524e-38,-0,2.48482559693347e-38
1.8454967371544e-37,-3.20451174899342e-37,-1.3605210153246e-37,1.95284460731247e-37,2.16263333671817e-37,0,1.93347888674326e-37,-2.14352949080597e-37,-2.75607673433486e-37,3.01254551818414e-37,-1.27412692925939e-37,1.81251577649805e-37,1.63459526466415e-37,2.5578871688897e-37,2.3874917419131e-37,-4.60929215974239e-37,-2.33387223326642e-37,9.39072318595876e-39,2.62428590295969e-38
1.78057020725103e-37,-2.010243810281e-37,-0,1.4565037944176e-37,9.13605344512991e-38,0,0,-5.31682456996156e-38,4.27505086270757e-37,-1.76505256436872e-37,3.08037183907766e-38,1.93006891100823e-37,-1.00172044930014e-37,2.151915309232e-37,7.31098438857292e-38,-3.87881567319551e-37,-0,0,0
-1.37192399750013e-37,-1.40401664703398e-37,0,9.83243039853429e-38,1.56815421138053e-37,-0,-1.2271903811449e-37,0,5.85969611493566e-37,1.08529971911408e-37,2.90532611906929e-40,1.61027298327081e-37,1.28384667171958e-37,0,-2.10482624379264e-38,1.40627206493828e-37,-2.34967666589243e-38,0,-1.11168975652139e-37
0,0,0,0,0,-0,0,0,0,0,-0,0,0,-0,-0,-0,0,0,0
-1.31449800170496e-37,-2.75039261934805e-37,1.13818349001505e-37,-1.44415487972671e-37,2.15682927058281e-37,7.20357710335997e-38,-1.66872203904881e-37,2.51566615826347e-37,3.7520104936006e-37,0,4.4066887843943e-38,-1.48645806249489e-37,1.45944618488105e-37,7.44397321803121e-38,1.76118957686615e-37,-3.36737671012662e-37,2.1993511680153e-37,1.37648525202748e-38,8.02103240979525e-38
1.13678925409499e-37,1.65154335301884e-37,-0,9.71655758903865e-38,-6.84460815731204e-38,-7.1287214209539e-38,1.23573449024545e-37,1.91654063550379e-38,-1.57184119579599e-37,2.05257490691459e-37,0,1.05400401604287e-37,-3.8369026119198e-38,1.89508532669054e-37,-1.10501968793508e-37,3.53963978769647e-37,8.01004230619925e-38,0,0
9.09651384714114e-38,-3.90944419004188e-38,-0,4.31591266987534e-38,0,0,6.94218953769315e-38,0,2.29044969328494e-37,-7.6162841639566e-38,0,0,-0,1.39635389861554e-37,0,-2.23973569292613e-37,-0,-0,-0
7.4070075250617e-38,-4.93724868921666e-38,0,-2.76662195369441e-38,2.8690823750686e-38,0,-6.60145148466608e-38,0,3.84472533257092e-37,1.04898792805997e-37,-0,-8.25083190547927e-38,0,-1.30973159708244e-38,0,-1.56227671720565e-37,0,0,-0
1.43475418490088e-37,-3.30671236963233e-37,1.84100170799248e-37,1.60633096253484e-37,2.60237200521101e-37,2.59964631154209e-37,1.67009362998569e-37,1.82689287453427e-37,-2.28990285057222e-37,4.77896541354242e-37,1.79903573368676e-37,1.13177921972146e-37,-8.76262814360462e-38,0,2.49886402915683e-37,-4.9419133315447e-37,-3.43903193894405e-37,2.73982296134328e-38,5.27286079246122e-38
1.82363670531869e-37,-2.59114637136912e-37,8.0124245135886e-38,1.77356606911082e-37,1.80699454844474e-37,9.89842034581627e-38,1.70921664996699e-37,-1.71783676549626e-37,-3.35493161030913e-37,2.2384177997464e-37,-1.09751119445159e-37,1.85796818138302e-37,1.60227616529847e-37,2.20630878304649e-37,0,-3.66672679643852e-37,1.44715433106363e-37,0,2.91402061552104e-38
-2.18662737795923e-37,3.65458841282891e-37,-1.83986542309373e-37,-2.32664086056724e-37,-2.77967325522756e-37,-2.09337870032594e-37,-2.15179087392837e-37,2.6915901000454e-37,-3.56274596623054e-37,-3.50695096974396e-37,1.83264817548307e-37,-2.16800423347223e-37,-2.10549466316012e-37,-2.97432056236266e-37,-2.77353848265462e-37,0,-2.78071537286951e-37,-5.14454837623809e-38,-8.83275920810838e-38
1.40837356421925e-37,3.15560822625052e-37,1.68160882814225e-37,-1.54043798510659e-37,-3.276997219125e-37,-4.42476861744071e-38,-1.79432008409461e-37,-3.74156308487385e-37,6.34034642076967e-37,3.13245092834847e-37,5.47319546559557e-38,-1.69863482869155e-37,1.9462822705521e-37,-0,1.71528629018731e-37,-2.73450862099523e-37,0,7.1781855751864e-38,2.34349253958758e-37
9.75646544826385e-38,7.41147318300781e-38,0,6.63277050534374e-38,-0,0,9.38311189321993e-38,0,2.3614587553545e-37,2.52146366632201e-38,0,-1.14920632794319e-37,3.90091532706862e-38,9.67416102374081e-38,5.44679107889199e-40,-2.17211754893248e-37,0,0,0
1.60021978782805e-39,0,0,0,0,0,1.49328880396312e-38,-0,2.23149090117755e-37,0,0,-2.78103711099692e-38,-0,0,0,-5.84207215230566e-39,0,0,0
