0,0,-2.55551213614848e-38,0.0064854403026402,-0,-0.00155846076086164,-0.0144760776311159,0.0158385653048754,-3.01725006949245e-38,0,-5.54231647416624e-38
0.0229033567011356,0,-2.36654244197532e-37,0.0176330506801605,0.0893793925642967,-0.00862283073365688,-0.0498450212180614,-0.0572747886180878,3.06989561965449e-37,0.0741172879934311,-1.202708912246e-37
-0.0246480405330658,-0.0321183688938618,0,-0.0111906696110964,-0.0990404859185219,0.00957902334630489,-0.0530422963202,0.0435691326856613,1.35879573665532e-37,-0.114041984081268,-1.24914144132885e-37
0.0188200250267982,0,-1.35455439856738e-37,0,-0.0624800734221935,-0.00567969540134072,-0.0224009919911623,-0.0424260795116425,-1.27555681421239e-37,-0.0249332748353481,-1.65487866757168e-37
-0.0196999702602625,0.050479743629694,-1.69185075046218e-37,-0.00940271653234959,0,-0.00656046299263835,-0.042702179402113,0.036356046795845,1.93715275500508e-37,0.12519745528698,7.62030308795228e-38
-0.0179614406079054,-0.0364028923213482,1.64049708538038e-37,-0.00355340773239732,-0.0108029926195741,0,0.0278641358017921,-0.015653507784009,-1.81909728302142e-37,-0,6.46856242765846e-38
-0.00825654249638319,-0,-3.4282870625793e-38,-0,-0,0.000926120555959642,0,-0.00113567349035293,-0,0,-1.52731723522155e-39
0.012978320941329,-0,3.85355171923413e-38,-0.00881528202444315,0,-0.00183879293035716,-0.0142176831141114,0,5.21438124442863e-38,-0,-8.31104401893315e-38
-0.0118114817887545,0.0203727744519711,9.51606877307323e-38,-0.00897023640573025,0.0405654199421406,-0.00411417195573449,-0.00919716991484165,0.0302362553775311,0,-0,-5.70300953478361e-38
0.0183698255568743,0.0290245767682791,-8.79488715529215e-38,-0.00578183028846979,0.0360031388700008,-0.00384019478224218,0.0251935478299856,-0.0225467123091221,-1.43546010301527e-37,0,-5.1800012273855e-38
-0.0140311168506742,-0,-2.00285997630891e-37,-0.0167351607233286,0.0930152758955956,0.00837444607168436,-0.047329343855381,-0.0329057425260544,-1.5451062147587e-37,-0.088194452226162,0
