0,-0.0174795538187027,1.05816217305397e-37,0.0132997548207641,0.0104456702247262,-0.00716648623347282,0.00131224375218153,0.0021856096573174,0.00904950685799122,0.00519072590395808,0.008605164475739
-7.53997841789964e-38,0,3.93971279739069e-38,0.0117400074377656,-0.0053478772751987,-0.00610861461609602,-0.000757068104576319,0.0011847970308736,0.00731580052524805,0.00371614447794855,0.00624541798606515
1.14690416272212e-37,0.0144178420305252,0,-0.0140288919210434,0.00764182256534696,-0.00550109287723899,-0.00118332984857261,-0.00189696077723056,0.00635252054780722,0.00452542118728161,-0.00791409146040678
9.3225444104755e-38,0.0128352148458362,-2.08964048443863e-37,0,-0.00844375044107437,0.011111369356513,0.00142310024239123,-0.001386055839248,0.0121731860563159,0.00439639948308468,-0.0105497743934393
1.09774638838585e-37,-0.0132291242480278,6.26283275543646e-38,-0.00937640946358442,0,0.00434403354302049,0.000959049735683948,0.00134744052775204,0.00566871603950858,-0.00318346614949405,0.00587949994951487
-2.43798719576341e-38,-0.00968140084296465,-5.85389126407317e-38,0.0144910654053092,0.00347861647605896,0,0.000923212501220405,-0.00249987444840372,-0.0103048738092184,0.00529489433392882,-0.012451452203095
1.72689901871698e-37,-0.0127355773001909,-1.25487107048978e-37,0.00789253413677216,0.009673235937953,0.010891305282712,0,0.00202037743292749,-0.00973492860794067,-0.00401667738333344,-0.00865229777991772
5.2024612391717e-38,0.0201422739773989,-2.96601047010564e-38,-0.0209935717284679,0.00657174782827497,-0.00606152322143316,0.000930337992031127,0,0.00717381713911891,0.00659332191571593,-0.00891018565744162
6.76395278082182e-38,0.0133664878085256,4.0174971935872e-38,0.0124130947515368,0.00533385016024113,-0.00746654765680432,-0.000840004940982908,0.00165370630566031,0,-0.00407613627612591,0.00719105871394277
0,0.0127880461513996,1.09515308939583e-37,0.0162678677588701,-0.00571447284892201,0.0242991559207439,-0.00126418960280716,0.00145717104896903,-0.016579981893301,0,-0.011087242513895
2.53136019659646e-38,0.0080279316753149,-2.90917548595079e-38,-0.00937364343553782,0.0042793694883585,-0.005412592086941,-0.000575780286453664,-0.000966936291661114,0.00489720935001969,-0.0025059140753001,0
