0,0.00649769904099782,0.00490439583455842,0.192178431726501,0.0249902408423654,0.027004057435613,0.174318462586476,0.00371679203160188,0.0337423180963525,0.0505081888908521,0.00771485232252817,0.175351480903785,0.00806315528607715,0.118302549765557,0.0158990054551587,0.00583083685907464,0.0196075153343656,0.0322224043807841,0.00620165065793628
0.00210465457084772,0,0.02499760781488,0.0014315201078992,0.0211700621781595,0.0242327400611022,0.0010572826746527,0.0290038944077794,0.0348418036326124,0.0389371739335344,0.0601217104079354,0.00249237551723302,0.0266113749317842,0.00458989159837366,0.0507628882580457,0.320349828445125,0.0273411119438915,0.0312375029713804,0.0291698718107032
0.00174651712752088,0.0479522485321023,0,0.00141117002762131,0.0132531075164704,0.0143256746492996,0.00158971973428445,0.168501992946843,0.030353830479093,0.0615456491797345,0.179451496347949,0.00124373967605503,0.257592002763054,0.00526076042749485,0.0407955163852012,0.0489735361741759,0.126646415537102,0.0327071078992895,0.144179091989503
0.24293379278164,0.0100623324569584,0.00406629467698119,0,0.0600356837177423,0.0493716603445089,0.296402105686264,0.00407696541700309,0.0314801200600767,0.0380522481097209,0.0122128055301791,0.3143409207901,0.00753673908412697,0.23356342148998,0.0272087895286265,0.00775038837504539,0.020062924742854,0.0304758729712335,0.0064729554873663
0.0324884448090419,0.0538870328806129,0.0334490372897985,0.0332665628526152,0,0.39256949473701,0.0396137380805171,0.0135459988601722,0.0312619117077468,0.0209966383670991,0.0165511497622633,0.0388809457487263,0.0121423871684128,0.0764098507071411,0.242455251203922,0.0293315322566954,0.0283540378943739,0.0303244637905519,0.0215285504265843
0.0437520785443039,0.0605047731437126,0.029995610548323,0.0447510511896023,0.394863852552246,0,0.0436800695214318,0.0202617583119919,0.0326472745583506,0.0210250550902124,0.0176090078087498,0.0393738308344264,0.0128053666780847,0.0851134475830347,0.202278728195652,0.0294084739609726,0.0341038004694242,0.0308440798458009,0.0251609509076778
0.209624525210278,0.00842267979430066,0.0048080370320058,0.306287124125203,0.0418707845876469,0.0365725190855711,0,0.0032125019058573,0.0299410808348029,0.02788610865658,0.00963061666270764,0.246015175762119,0.00708506830886106,0.184988066576588,0.0295115908916058,0.00496969503127438,0.0214781490755347,0.0336508024075376,0.00623989213803204
0.00170180580812063,0.025061609203794,0.245440770640549,0.000743932938806106,0.00617415149215251,0.00623129527307678,0.00137932291866723,0,0.0315661493780806,0.0320516401232195,0.141245035091795,0.0010712041775776,0.167021515820949,0.00219864673726685,0.0501258640534206,0.0170068679255117,0.0509710745618243,0.035089832726778,0.34336688408957
0.0021522468977325,0.00552708957279665,0.00472784015280307,0.00155231735481683,0.00183807454226014,0.00180896864243593,0.00128543839287401,0.00423345204225314,0,0.0178330219737258,0.00607493747554638,0.00144901420597525,0.00696760832894606,0.00219796647833154,0.00415975505612551,0.00623179298064905,0.0142008101141423,0.0327779393813976,0.0105208694359463
0.0276796339673457,0.0173292760920066,0.0117939167610582,0.0120687330226602,0.00189654855669629,0.00186472137135606,0.0130464149577132,0.00682480835714015,0.0335879146949747,0,0.0210825973466937,0.0135955805847847,0.0157016042598451,0.00344921156511222,0.0221375419814953,0.0906790751413662,0.0563403571546783,0.0316311705306135,0.00705932766983323
0.00674747339351449,0.115388695425867,0.126721194004989,0.00547872939009374,0.010799408758396,0.00987970932882522,0.0061628702130129,0.157307600709791,0.0344031676467342,0.0768638260173261,0,0.00702365868560828,0.192220203468057,0.0467006199264511,0.0242807279292053,0.0265784478449221,0.0657455098588616,0.0327287316908607,0.124049283550594
0.265887728029475,0.00922195011231719,0.00446471126841967,0.264996134976792,0.0573745655540493,0.0654361765487131,0.267221773072959,0.00372390683118609,0.0344533197417504,0.0329288054985926,0.0109899335245475,0,0.00686454012649983,0.149596474902248,0.0206414166012866,0.00489386040895958,0.0197672022486246,0.0310429826827699,0.00596945704683311
0.00296328895717281,0.0596365094763306,0.229859879853542,0.00226819983838832,0.00353757732361134,0.00321382507827304,0.00211469100665484,0.0979703643574107,0.0311844740963214,0.108038683167213,0.242823507334854,0.00258383400339667,0,0.0138113156876749,0.0104487123557539,0.067516754938008,0.130540967522031,0.0302400564743798,0.0814281226027907
0.105314714885409,0.0335735322118507,0.00763689628596137,0.0890747737780027,0.188066143419281,0.195898007461423,0.105101743818932,0.00421831557567608,0.0314165250506646,0.0241526592845299,0.0294148278342741,0.107460312304141,0.017401917447469,0,0.106235209600199,0.0160690071516498,0.0446368129025537,0.0312053881043817,0.00896849322331457
0.01623863921041,0.0383843110068344,0.0635301152248232,0.0163003985997276,0.130207884804798,0.130894234354921,0.018503054004627,0.0668919933599069,0.0315822348439665,0.0366856621806978,0.0364558782102657,0.0205976080492796,0.0251468735241276,0.0255440180908199,0,0.180421083304927,0.0338012392592958,0.0312485915034905,0.0681983353998793
0.00197251615059584,0.407902231782156,0.0180095549632856,0.00105303536636479,0.00351742661221474,0.00342494352810986,0.00129137129378477,0.00927881824302515,0.0337927940722739,0.085961923323273,0.0168541864940428,0.00141071954854365,0.0231914398447303,0.00302806003259708,0.0532559192174935,0,0.0642193537965215,0.0362975551771312,0.0109027068628318
0.00660633834892996,0.0138202734246839,0.0327212604058259,0.00712788665973192,0.0113173001419078,0.00943137752214768,0.00631201406172755,0.0184360176080176,0.0315074678672112,0.0658198943014808,0.0192059183322196,0.0062044821195907,0.051933680008842,0.0125951204658883,0.0197999345647885,0.079776096966155,0,0.0347821788634493,0.0141160342178185
0.0015716839832765,0.00591878927698618,0.00454373840211837,0.00140761085114548,0.00181837335679956,0.00157949696846011,0.00148553233884438,0.00369897693920124,0.0314412115534708,0.0171698161706905,0.0054484247830113,0.00140422641534101,0.0062999876073582,0.00208950256128822,0.00433710120154923,0.00526876387273125,0.015982651095506,0,0.00989141044243419
0.00230445944522045,0.0289534558679689,0.0888246788208478,0.00158296901796312,0.00504796497688673,0.00506888757134083,0.00160228061071771,0.341075706308109,0.0353057072654488,0.0165635863912406,0.101980049939395,0.00151963978888159,0.0704720452553172,0.00254511452015062,0.0217043517866736,0.0115852292782259,0.0266638542128525,0.0367568414077076,0
