0,0.00830175858971142,0.00259048153861819,0.163573566550957,0.0206200329313054,0.0239447862590816,0.19422644959071,0.00204339753004055,0.0294821123650008,0.135918793039007,0.0109284538866191,0.17723929000307,0.0037102932555238,0.0984846006939265,0.00796636117922631,0.00594344843516457,0.018839957540566,0.0283101431751204,0.00468957087889446
0.00309631810973467,0,0.0138633955051207,0.00605428785677821,0.0299805155378748,0.0344492445198237,0.00692783122299391,0.0108172921700248,0.041835945427778,0.0352928584075048,0.0455910940793075,0.00548922322818897,0.0187200436240171,0.00930721421790494,0.0282576009297145,0.207515687504749,0.0157066689465204,0.0383345249471267,0.0213829781658788
0.00216852169795991,0.0460301818344565,0,0.00209677192918752,0.0239841818790056,0.0235310883624851,0.0025026345550837,0.175914371920754,0.030331781143955,0.0194626706178063,0.119916855305322,0.00201206354280293,0.263507546421254,0.00660538939868973,0.0433707713389721,0.0637502452133488,0.168295914015607,0.0317816470469683,0.164275215643392
0.206378616122573,0.0154698461511599,0.00280110346524098,0,0.0461561318205337,0.0446941280295534,0.274869890053549,0.00166678756857686,0.0290805572438466,0.0751867051764669,0.0112281127443372,0.283919912086679,0.00658705623379757,0.191149186116508,0.0130535198630301,0.00684999659617752,0.0297629833395826,0.0325794359214918,0.00495712745427006
0.0267934907183955,0.0836213014013393,0.0504444837350115,0.0216678389869626,0,0.397571870185037,0.0233488696426129,0.0252507918365001,0.0304069122021059,0.0147327491591196,0.0298380879883534,0.0203034634838167,0.015902055107973,0.0725582026666134,0.213031021106156,0.0370983542549605,0.0350995504174869,0.0297370197826971,0.0301670601136032
0.0207746881274627,0.088791988003808,0.0504558964523598,0.0210135188376639,0.382459749584733,0,0.0189043575963341,0.0178481287997543,0.0293852050483756,0.0136709278092121,0.0344928117160967,0.0185382000729962,0.0144607522890841,0.0678662723147218,0.223888379248863,0.0474119403969617,0.0306126220951486,0.0304047351540958,0.0252557103184303
0.303226183148331,0.00899498477900296,0.00281601637153844,0.24975039041163,0.0373563905881484,0.0297318965576653,0,0.0027575712333658,0.0280625964283815,0.120552905858385,0.0196005766437584,0.254829797261589,0.00802290472995703,0.171282852887338,0.0122495838173572,0.00646469380608882,0.0250193383029294,0.0281890428005093,0.00506986038688037
0.00184535153508308,0.0406021871851667,0.229162428683976,0.00136889417243809,0.00617671100512098,0.00710957638137162,0.00145474469523015,0,0.0293412149979649,0.00709183747916009,0.122109467558124,0.00146413654013247,0.096389716891616,0.00243487859915897,0.0615052028435502,0.0138020640872023,0.0112562941115547,0.0310798234242785,0.331779283124895
0.00235050628891377,0.00780615595628429,0.00287678726118898,0.00151966972480093,0.00221644219968821,0.00227306013859274,0.00133327098105604,0.00268002225053608,0,0.00651326697778917,0.010266077501258,0.00141203525070584,0.00332471087841653,0.00241596162853052,0.00423988548764882,0.0135661551177589,0.00517394607024405,0.101854759337398,0.0131292856353142
0.082227793079557,0.0185034820342535,0.0117351151950985,0.0636830546414488,0.00361006536518974,0.00330591836090965,0.0616436671167016,0.00586951943427228,0.0393551844972584,0,0.0594193426023194,0.0684618623466632,0.0335046875875477,0.00621547345134345,0.0315214695952828,0.155981427108614,0.134740782763538,0.0331133721800121,0.00940544033562093
0.00528992550144909,0.15188276798997,0.0912500931771595,0.0051591520118228,0.0129849072314263,0.0123292682349884,0.00446660221920033,0.131381610350786,0.0454200208725307,0.0293014329611458,0,0.00481297784186987,0.211592962404862,0.0542185316423618,0.0173365821168956,0.0129206283972926,0.0223092407094235,0.0472041888751327,0.121658727684543
0.197364305131367,0.0135405745831379,0.00200828116429069,0.311581406176619,0.0607309786666985,0.0505706260056342,0.270765127301183,0.0022304925340202,0.0278279204673339,0.0583786092766869,0.0174405698027951,0,0.00735372203439567,0.179761780864856,0.0132878365984523,0.00712499900647555,0.0310653482652405,0.0297228042407582,0.00478192970872572
0.00738365258571457,0.0777911241259756,0.204957956005128,0.00635514157144334,0.0077930488072988,0.00689500284211742,0.00587899664648142,0.0824599059889019,0.0299613417920304,0.0695884061015438,0.268388221987608,0.00433576648728832,0,0.034452692985606,0.0124197003557973,0.0674136128110336,0.262049943898264,0.0299179499558386,0.0681421924069811
0.0817680569450037,0.0441117342269021,0.0106863876646813,0.086717873906572,0.167551015731371,0.147738972124168,0.0798598604177545,0.00575217462790191,0.0295880006680794,0.0147498963681651,0.0568946274071453,0.0971159733439446,0.0277987117635436,0,0.092480776274606,0.0205986588249465,0.0878436738398966,0.0293541058361648,0.008364598084286
0.00685848624208763,0.0288669370545662,0.0565078331503083,0.00505131210274762,0.133113469031984,0.149748564636257,0.00398234935670269,0.0842374648385534,0.0329577921248681,0.0645670750483236,0.0168543798767958,0.00532127183549446,0.015737759366322,0.021692604370706,0,0.165884408181782,0.0276776628000647,0.0322969924711863,0.0956218020338575
0.00296449778031204,0.249638237832268,0.0106912590464986,0.00278792263938594,0.00875181724369408,0.00762414101830788,0.00414326404478607,0.00569110614537787,0.0480489995793677,0.101900157018949,0.0109126676664809,0.00260875017551532,0.0128503259711729,0.00483530883133294,0.0730646940112108,0,0.0288043452737363,0.0369312622803803,0.00692673701851072
0.0233497466421876,0.0178041730875086,0.0668116516985852,0.0296255645347571,0.0194227098111184,0.0208720611550777,0.0244241121091376,0.0268679420414229,0.0339717858536758,0.173157060413127,0.0272818929466409,0.028526030704691,0.168989967405123,0.0448563433203577,0.0201569159847903,0.10886880719304,0,0.0311584787613293,0.0165190132760876
0.00183948027438984,0.00969162285291353,0.00236338196464655,0.00183514446953343,0.00225011566027861,0.00224692966005866,0.0013396340356496,0.00321513724619676,0.0898449696623269,0.00531156445913033,0.00793473659795057,0.00181411528827936,0.0032797227338676,0.00222374934359944,0.00435000320454041,0.00843536222639065,0.00499258654427388,0,0.0138826827076168
0.00182017738351379,0.0321018741012378,0.162390608348059,0.0017392010204221,0.00882332999863826,0.0096453306618777,0.00163018801304207,0.390035817584769,0.0507952233135001,0.00543740704394806,0.0766096414982058,0.00201207902686195,0.0541844998696796,0.00259089079875021,0.0784181095395506,0.00790543425834887,0.00753884823154537,0.0491001314620428,0
