0,0.0145054695552262,0.00308550906269814,0.183682055030453,0.0412162764290797,0.0527820831245203,0.194398096835509,0.00474494859103594,0.0268507865738598,0.085342912682137,0.0448313674807941,0.197419646479513,0.0085043878249151,0.124348758128853,0.0356422175634778,0.012110048883461,0.0218097695276806,0.0264999917987478,0.0237994669776812
0.0028601973242629,0,0.025220842513087,0.0036570198335314,0.0486972931008594,0.0554571806996101,0.00292664893369385,0.0403069985021392,0.032043819846952,0.0532078081921882,0.0845294497112373,0.00359494732519197,0.03975527166562,0.00965259666928898,0.0334695720435461,0.321802240057242,0.0264452651429922,0.034145009545889,0.0378783401243213
0.002242385767596,0.0382280955319369,0,0.0019654428824451,0.0365870762373172,0.0379646373620138,0.00238137453017688,0.416509117532738,0.0314787388482944,0.0357342035638174,0.0715460871220479,0.00124023611501317,0.282371764785998,0.00597420403545765,0.0474806716160119,0.0525936495151705,0.143697601382496,0.0322619182787301,0.0774072625687348
0.233805871356438,0.0205789101474232,0.00401501047285876,0,0.0665708784395303,0.0524479754870942,0.313855271963082,0.0033591138069978,0.0282449690982157,0.0554317261550116,0.0402537681461071,0.312419281636072,0.0111067006402672,0.210569728875415,0.0370622701599478,0.0121531051103081,0.0282073831054631,0.0304760147709307,0.0249533222503845
0.0303190097037179,0.0627349880664249,0.0448500752870656,0.0285389515406099,0,0.17345283866919,0.02158089524474,0.0172072442177334,0.0296520213522429,0.0199709769164891,0.0329452426181984,0.0228778281716889,0.0137352207794338,0.0420514619221178,0.117718439163334,0.0286689063466192,0.0266509102446697,0.0294442917221257,0.0312282679134066
0.0252550287402474,0.0660395879130053,0.0437165897847665,0.0284693636924728,0.170254335867057,0,0.0280035087406731,0.0199785476400146,0.0300032165617688,0.0198395270713982,0.0264715613440641,0.0287564139134479,0.0124032248496588,0.0504216341283822,0.0985336793924706,0.038868644253815,0.0215381102210381,0.0305403126023397,0.0296721046824786
0.304492212931931,0.0137717073781535,0.0043488748520446,0.287868325556087,0.0559776644951761,0.0468345837846847,0,0.00471139814403271,0.0286499486331181,0.0611614696068384,0.052370435154384,0.279410713221,0.0151331344039836,0.177933086059647,0.0331805373934727,0.0114434035537674,0.0263551996181919,0.026887529010875,0.0270007210972624
0.00157497391331477,0.0584929852276375,0.371392663250027,0.00106054803911379,0.018358425362068,0.0200602324969242,0.000840122184339286,0,0.0311748567116327,0.0255809256259352,0.0499352339238601,0.00131070450594483,0.18660502884893,0.00495246545181174,0.0410055145937649,0.014251896765375,0.0750372414780735,0.0313089459375937,0.116451074072502
0.00193735060502718,0.0106423742612208,0.00473871402469407,0.00145994551611158,0.0128968602134489,0.0156553154559925,0.00141316442105729,0.00556161872557911,0,0.0204967244020439,0.0180962207149633,0.00144702974166478,0.0077604410656641,0.00600875081598021,0.0186303061544753,0.0135261268825051,0.0172103301695779,0.0339119041072011,0.025397807497901
0.0219038444841343,0.0170245980503061,0.00803640840729325,0.0153793958960711,0.0145813372747589,0.0131210643028533,0.0139277234484894,0.00722783791691007,0.033978942585621,0,0.0225615485287391,0.0149494233415471,0.0149966406611898,0.00597809418306001,0.0205958290635378,0.104183153493387,0.0363814833970312,0.0337548226911963,0.0232774052243185
0.00515881529043953,0.056759680142439,0.0411050711698012,0.00432019285680942,0.0171536297113486,0.0170642916017343,0.00567706071886335,0.0394632510574531,0.031948476145421,0.0198439544943327,0,0.00445241782856951,0.0734260260359085,0.0183873341383101,0.0193980725254121,0.0127508965244646,0.0154061845220088,0.033173561602322,0.0342501211146337
0.233612245605446,0.0236614380872012,0.00452747183571774,0.30381147563552,0.0638112346527752,0.0746964525830841,0.27353165304319,0.00383913494801151,0.0277629353991896,0.0680992974289082,0.0490169205499656,0,0.0162620002386828,0.18632124955785,0.0322885675996032,0.0106936856832927,0.0327495421913581,0.0273701390529388,0.0251873416374971
0.0045459612388742,0.0729161342123267,0.238982224893955,0.00475720497902822,0.0152127456989629,0.0165739689621252,0.00474251191946985,0.181252021030318,0.0345796930158286,0.0461179548236435,0.119365457727167,0.00394314885739805,0,0.0271385226462899,0.0200949326556366,0.0552584891238984,0.175957935836364,0.0337503073193182,0.0500684301240252
0.0883040677579205,0.0378066767919245,0.0153479992789519,0.100798498417543,0.140863219935288,0.124550328581092,0.101779623654271,0.00948862146448239,0.0301154397620442,0.0263143662158219,0.0320007603987579,0.0913771499382746,0.0378185572650362,0,0.0924500778290767,0.0297518293329671,0.0561569880345536,0.0321308706735084,0.0263575967847216
0.00467960763346324,0.0154813855311713,0.0321245401602515,0.00329205578137545,0.0503926343599554,0.0536937255859835,0.00363033767206435,0.0393281910729228,0.0336880220661772,0.0258966148615164,0.02119391518023,0.00347874004433557,0.0126547889136193,0.0168941358817967,0,0.0899566414047615,0.0139276367325529,0.030167857601295,0.0358912967475397
0.00186563047392263,0.372598498698942,0.0127069115860368,0.0016063285573301,0.0180869739552076,0.0227566372816533,0.00207420726039873,0.00792843502382751,0.0409188890418639,0.101068447521028,0.0328215501129646,0.00149989873949246,0.0242917441234969,0.00534075975867391,0.053387481460752,0,0.0500474231805053,0.0327723089998966,0.0276498066134212
0.00763788924406813,0.0144794614106905,0.0717425189930804,0.00703717114992827,0.0208445039617843,0.0153829306073404,0.00781953657253308,0.0500463805893613,0.0340437823887424,0.0424549633116901,0.0187239386537788,0.00913450425658401,0.12981997204221,0.0199569634846869,0.0173145887352453,0.0947332863930899,0,0.0325536831284543,0.0270865949155822
0.00176426006763473,0.00942148786049767,0.0039224149887492,0.00161094639607435,0.0128332530099692,0.0116496405051364,0.00126181904300647,0.00519262434608508,0.0324151881020477,0.0206549281354547,0.0190782556741316,0.00150604989667055,0.00788960782480576,0.00458940469853631,0.0177812182698923,0.00767635862076341,0.015801111022995,0,0.0252881125546448
0.00198146063211823,0.0163522451507451,0.0205071061776201,0.00189958249145003,0.0163973189417412,0.0168407359361107,0.00163461841262347,0.0882964326882758,0.0317114294855237,0.0187725023552421,0.0212252904543458,0.00159885154541641,0.0110473036187284,0.0066872328417563,0.0211816721251202,0.0116055263728244,0.0151725447884763,0.0317988293282077,0
