0,-1.28994646788285e-37,1.98885147582074e-37,-1.18503865071474e-37,-0.00526216346770525,5.85896060139771e-38,0.0184791944921017,7.14094971187298e-38,-0.00492135575041175,8.13614011032936e-38,-0.00853908248245716
-1.10550431299598e-37,0,-2.02765914759563e-37,-1.03991098923134e-37,0.00483729364350438,7.36601393978635e-38,-0.0192468464374542,-9.08172622470681e-38,0.00524927396327257,1.00123313374618e-37,0.00859947316348553
1.64960866430705e-37,-1.65992423887427e-37,0,1.73103363391388e-37,-0.00338445813395083,-1.32340398212095e-37,0.0157337952405214,1.29257642484069e-37,0.00784528627991676,7.16502233793192e-38,0.0112747857347131
-9.24875091230538e-38,-1.40222152764924e-37,1.60083944200897e-37,0,0.00539641175419092,6.48049532486126e-38,0.0161836817860603,7.10251601863225e-38,0.00387419806793332,-1.38215952989907e-37,-0.00966394785791636
-4.9837185488906e-38,7.05071898271633e-38,-1.39517277216593e-37,5.4362090334088e-38,0,-2.05422493585633e-38,0.0127169862389565,-4.34886728612056e-38,0.00225451937876642,1.36431718891639e-37,-0.00582765229046345
7.11719770290267e-38,1.12831442519051e-37,-1.85311441981423e-37,3.86719111770679e-38,-0.00407037511467934,0,0.0167628061026335,7.17045601285719e-38,-0.0037077993620187,-5.7872129989855e-38,-0.0064839581027627
8.36655505629891e-38,-1.56345335950017e-37,2.11449727711821e-37,5.19030525525338e-38,0.00524080451577902,6.67334426159919e-38,0,-9.93580250468937e-38,-0.00497375056147575,-1.46039570472048e-37,-0.00837395712733269
1.00418976140203e-37,-1.57103998938603e-37,2.50799802885893e-37,9.62903809215078e-38,-0.00497394055128098,8.17648741675298e-38,-0.0173735078424215,0,-0.00529836630448699,-6.74056566997162e-38,-0.00897354818880558
-1.08377387324225e-37,1.59714438611436e-37,2.55233914800974e-37,8.72294561317248e-38,0.00547333993017673,-9.73786405192902e-38,-0.0211324840784073,-1.02650695284875e-37,0,-1.00037677222867e-37,0.0085743423551321
7.88398598050367e-38,1.01576213253594e-37,1.24075977074628e-37,-8.23078605068741e-38,0.00465127406641841,-4.84167621031401e-38,-0.0143480617552996,-7.71312958238425e-38,-0.00298704323358834,0,0.00876237358897924
-9.774260817722e-38,1.50915674343553e-37,2.12288847653034e-37,-9.46982480271174e-38,-0.00511958450078964,-5.33604534021763e-38,-0.0191836804151535,-7.52894235171401e-38,0.00462583359330893,9.80937623619921e-38,0
