0,0.011794801719368,0.00330204636626704,0.228781826530637,0.0484968197842595,0.0426998092782873,0.193535937910802,0.00314038821592955,0.0268013638169369,0.0892687632531602,0.0400879437016067,0.19893776310649,0.00981405094671833,0.13304428163059,0.0370994343013503,0.0101249240470657,0.0200887039080069,0.0314525333281364,0.0267386729031032
0.00317992995540123,0,0.0279787214699373,0.00193126799722407,0.0448808247705515,0.0480944216369567,0.00169910679777488,0.0390937135114322,0.0346226600403641,0.0492964833121048,0.0661424307684357,0.00328343078646976,0.047251623655781,0.0113022736536415,0.0280469515116234,0.310981518280265,0.03513606454847,0.0333643447385542,0.0322535149575379
0.00147191418136339,0.0443875842712369,0,0.00139195702403015,0.0345827631513118,0.0370873183766316,0.00179844305743161,0.373968808303065,0.0344156575771635,0.0396392776520124,0.0703367324692532,0.00188060702156602,0.310323744424069,0.00783312853962619,0.0354514864556893,0.0563469068439055,0.160388863332294,0.0322823244813283,0.0785947615551058
0.299880089730726,0.0170119324208629,0.00507605933560535,0,0.0602334356382435,0.0609902556675165,0.30632793111602,0.00503992307979976,0.0263259722946714,0.0619024347921176,0.0561567086953989,0.298508118224386,0.0153492827811551,0.131985281971907,0.0353176559230308,0.007301598394874,0.0302272027898953,0.0271508048292927,0.0264851594505663
0.0294933494381857,0.0635829162766652,0.0361565475065508,0.0297927140535983,0,0.163844144113852,0.0314200715177002,0.0193702391532405,0.0307624860254191,0.0215616621731809,0.0270696393445347,0.0335395236293144,0.0149925297017722,0.0500800687461338,0.0986740437316331,0.0407167756601036,0.0283346068288101,0.0303854102960936,0.0289968321373701
0.0336893071949099,0.0647957385226068,0.0463464096081137,0.0301262634701995,0.175445806898268,0,0.0318230949915721,0.0210332363148862,0.0292688943954457,0.0249383669105751,0.0243515051181987,0.0283455485316745,0.0121060412772216,0.038600982451833,0.0906651169175137,0.0399485525268657,0.022328408192636,0.0306802503437102,0.0305957904524525
0.189644590980917,0.0316735131003576,0.00501709672880807,0.229650936348723,0.0797090496229417,0.10127299091684,0,0.00507480299862328,0.0275556277542269,0.0564684316682621,0.0549812850953905,0.283520160967279,0.018147970373828,0.227317103572737,0.052565747029586,0.0152079033782561,0.037481267339998,0.0273169557428408,0.0251389551619251
0.00107550399083459,0.0490123808096071,0.385579476073336,0.00105936671005579,0.0170827450431845,0.0196225349605111,0.000990386692000607,0,0.0333128797159535,0.0337293408026416,0.044498656605211,0.0013047110032372,0.222920409634211,0.00402291508228965,0.0425532860451027,0.0187091388585026,0.0680531786805061,0.0338448046204543,0.117149992913012
0.00143862648586588,0.0103068210248258,0.00343848075600662,0.0012773763216653,0.0142196403804583,0.0122114569210383,0.00150957358663617,0.00497536829491784,0,0.0217519860478905,0.0193962417461553,0.00166278017278,0.00648367196448431,0.00617150803606545,0.0174246023297333,0.010055509619991,0.0159564466893889,0.0339677192636405,0.0244887353310587
0.0189416113629531,0.0152440520656701,0.00703596864709157,0.0128724326113331,0.0137803031190523,0.0144456318845201,0.0124226055344429,0.00892943360417669,0.0327566982755719,0,0.0206875032780029,0.0122948524966998,0.0155807228093172,0.00769844132585423,0.0217526825929286,0.0862260832730446,0.0258205560690551,0.0307756964481477,0.0240440008545015
0.00420855020415907,0.0431260047141055,0.0320186231132911,0.00353121997022772,0.0141866361667348,0.0147792764904462,0.00418768728358569,0.0320622137825126,0.030137614090828,0.0193647176337851,0,0.00391228348715995,0.0483051949447956,0.0242381616226939,0.0203200881555228,0.00951728895073906,0.0139697814687776,0.0335774217254176,0.0316117427632125
0.276444771752233,0.0163217213872506,0.00398289230764426,0.327385281169667,0.0644424490504794,0.0680967519771319,0.262525304388978,0.00330010942453659,0.0295420492756572,0.0492213357095418,0.0413235132175264,0,0.01055656770034,0.212176468096138,0.0361400950525877,0.0124341521428523,0.0283261925313113,0.0288488382704069,0.0294107044967087
0.00442299701566941,0.0674699411713756,0.240973446591714,0.00335264297674306,0.0185945325757653,0.0135846076000193,0.00353634290295411,0.216016624843034,0.0333691179816553,0.0490703203312553,0.10239238868442,0.00268209761590159,0,0.0127754496213394,0.0197452954228704,0.0547308564809469,0.164190559302204,0.0326226046947164,0.0445526183819825
0.0944613342494527,0.0393616302995853,0.0167049651432511,0.0939616943706026,0.142481159631998,0.113661202508118,0.111839101110627,0.0084086263291033,0.0297221853735206,0.0207214730839619,0.0444286140085474,0.094235331942204,0.0316932190628747,0,0.100796336750741,0.0265763617587479,0.0465163052418869,0.0318009098244404,0.0264725319768575
0.00580142636543523,0.0173069051242561,0.0211785640392003,0.00668785370099933,0.0426469652936766,0.0464454445181514,0.00477672233451486,0.0483548733023431,0.0314779370026093,0.0264880078115767,0.0209530087654244,0.0050588764891189,0.0104584106163056,0.0171906132889522,0,0.0807853278621057,0.0180802747780409,0.0316584097770888,0.0337776706893897
0.00209463437710681,0.394226243001425,0.0136967837662467,0.00171249994646688,0.0177512147516864,0.0204595245963323,0.00148479631238358,0.00684437791722875,0.0338259873877787,0.0952889243693818,0.0307011072203846,0.00121003477146559,0.0179908789990129,0.0062646599612154,0.0507609895292543,0,0.0573434757967869,0.0364509241681366,0.0324207482945628
0.00783162381325286,0.014691890418677,0.0807382413361497,0.00687470889862636,0.020622836529703,0.0180370944727701,0.00798447518757349,0.0581206599195454,0.0311442848707337,0.0365977423661282,0.0198026157385107,0.00803724918776427,0.098658534377484,0.0166448348456555,0.0197220528801761,0.11517207152397,0,0.0323051761149313,0.0245957117646995
0.00186531667195835,0.00937446856914416,0.00430633265358669,0.00141434450103707,0.0125037339433803,0.0127683930105565,0.00143525458322668,0.00395974105713563,0.0352211545378369,0.0245168421389739,0.0202253972046388,0.00130758973139237,0.0076604630076677,0.00655764793609483,0.0195105753078935,0.0109773082060483,0.0165839200554715,0,0.0259096968099982
0.00195572568884335,0.0132495298251715,0.0183255541560302,0.00138936410963901,0.0142014894719684,0.0151958639280031,0.00152303723744921,0.0897232000854503,0.0315376332699859,0.020532421038766,0.0248646556539962,0.00174826036329452,0.0126904468116501,0.00690724982689739,0.0222026815030897,0.016213621896853,0.0144728517902127,0.0320179781566851,0
