0,0.00911622430892827,0.00187679480867402,0.191306922385133,0.0215289415973564,0.0179287047925356,0.190562595512121,0.00239684872604574,0.0311510040989929,0.11951062433396,0.0172793799512023,0.175127003364251,0.00381803664342644,0.0949351600697918,0.0159472436779664,0.00592670536752475,0.00878645844485122,0.0295088617660938,0.015346547935376
0.00405013978465601,0,0.0253122850595999,0.00246762356867881,0.0328830624848996,0.0301195235215896,0.00305514578597018,0.0233799085536409,0.0384452927936662,0.0416762375448891,0.069956700994812,0.00280393858551092,0.0243674594315567,0.00914307075246097,0.0272577137848938,0.212611136647128,0.0272503860255762,0.0325332666939264,0.0293623621224107
0.00235857735228241,0.0829629173117464,0,0.0025373429731811,0.0249472393004691,0.0236627001731101,0.00187000893610171,0.316803071858066,0.0332235576360785,0.0244545685289764,0.111271937889443,0.00156188748302417,0.299009934793092,0.00808005472753031,0.0528970525414079,0.0618928943358156,0.181621610916352,0.0306843989572484,0.117935755284568
0.275554775831243,0.00923768380974106,0.00296431754819999,0,0.0433910036143207,0.0431168284938351,0.304567789334372,0.00291779506731474,0.0314779299481505,0.0745382312026715,0.0271306689593193,0.282767247972614,0.00698739902672098,0.158771980124344,0.0221745816715099,0.00839977370462,0.0208653540168382,0.0303975478681918,0.0159181081007519
0.032502653596443,0.0833261245122429,0.0610287650179025,0.0341803489617902,0,0.384144883833385,0.0387165813783714,0.0351383577913265,0.0329710504815418,0.021249568515224,0.0289477056895567,0.0305863486387987,0.0160496007718274,0.0777827186006089,0.214271246307666,0.0509655311498681,0.0549481776541827,0.0292277901108021,0.0329896581816033
0.0315674882054121,0.0867894386840738,0.0571338260898319,0.0381750540110521,0.36819142849195,0,0.0337980971725276,0.0288616716137289,0.0301156909330984,0.0229697755096941,0.034763977008339,0.0398033635464062,0.0137694569999997,0.0548729720800696,0.191477361273892,0.0515806964072092,0.0461273831738358,0.0318499370008414,0.0280038473420278
0.194604425826424,0.0163295810470612,0.0026391423483834,0.21688369104436,0.0626017238555374,0.066188269449644,0,0.0027537672270472,0.0300614696739743,0.0613965507814828,0.0250163043596634,0.268872686116193,0.00533739053101933,0.241689043818934,0.0341383643963182,0.00747777795725774,0.0302518062699494,0.0319550007289541,0.0166384772861185
0.00141928662720334,0.0450214965496533,0.284611754335618,0.00157888008252942,0.00834258657601758,0.00876336648102346,0.00170238105668192,0,0.0310850558832451,0.0114949014482965,0.0972704836917661,0.00151691915278376,0.151076156393282,0.00251061971148587,0.0528416656362516,0.0152269210511789,0.0224575907031824,0.0322523198852886,0.209053494479146
0.00165698724681576,0.00852300880515985,0.00203970077087059,0.0014021326766191,0.00222765863695116,0.00224126522105516,0.00162946348688743,0.00301777690794902,0,0.00983299259882569,0.00953507816021532,0.00173787410536464,0.00266175785908246,0.00279864089131912,0.00729528890984212,0.00600504717635511,0.00470410709327958,0.0349863211810588,0.0185149176048991
0.041755479608276,0.016598815083397,0.0100407237960393,0.0408215704334763,0.00317700467413081,0.00319565002871955,0.0319857611851146,0.00613793583692285,0.032621950823045,0,0.068871058225602,0.0370914541928809,0.0360748738137491,0.00752974792216113,0.0226663078521532,0.107015660256613,0.0942835108743156,0.0357246693678857,0.0176528352419324
0.00705769303865455,0.113398926767503,0.072370022001803,0.00370129636285355,0.00890860099322214,0.0087209428601248,0.0044889297071183,0.0703752258176471,0.0317874035568271,0.028060467763991,0,0.00540105337492287,0.124780039098437,0.0271906958412576,0.0148103399044683,0.0146298965792073,0.0093257442111276,0.0326001071461341,0.0489598659439797
0.27264562520434,0.0112164093859368,0.00201915665128035,0.321058166214586,0.0400983681344388,0.0347761724327691,0.243909926686102,0.00272183704078254,0.0302677661020665,0.076486726959064,0.023174125141692,0,0.00662611007746045,0.187339646961947,0.0225317844511523,0.00641210510278068,0.0168664118785844,0.0298260173139166,0.0165125350859502
0.00386348083528539,0.0814209870814547,0.24763275073773,0.00388329164809868,0.00748850748472233,0.00618955813628181,0.00466236473337743,0.180400019936045,0.0315500774831997,0.114343064014463,0.213732670610899,0.00402118361534466,0,0.0273016412322458,0.0171006137723634,0.0777720093722519,0.256099213709782,0.0309555839478878,0.0747976819796533
0.0825291488605124,0.0382249786055707,0.0103565341263037,0.102962643387851,0.187573771205557,0.187724556305809,0.0927665474814552,0.00665851422642453,0.0318504907341443,0.0183208809934595,0.0549932350663132,0.102483875677663,0.0305267559459125,0,0.106202757424737,0.0181367506575649,0.0865781048351032,0.0357645715925687,0.0192847413542576
0.00553513760497756,0.0237665245459502,0.0402705953334734,0.00742794740259473,0.127130028351366,0.123679654797923,0.00727104502984106,0.0577626999356437,0.0297737744798732,0.0317883816392776,0.0153513135143102,0.00563389169357939,0.0106024149169644,0.0222626420389762,0,0.096189230456219,0.0136556007124347,0.0319652350590531,0.0576195420049678
0.00250147267556284,0.27077537008929,0.0111323504088988,0.0020331133362306,0.00707832892453175,0.00748720669174701,0.00213203729168215,0.00719032646775043,0.0392729763474201,0.102929090645158,0.0231847845097904,0.00237376220928141,0.00998138247464021,0.00478845952423762,0.0557809375521341,0,0.0585866626821099,0.0389472138110818,0.0221096751977635
0.0147318011361805,0.0183468171053775,0.100598362962108,0.00965615930477195,0.0224455750016537,0.0179053379493026,0.0144558309292702,0.0400122322211094,0.0322122235444615,0.118932428051657,0.0368791896576686,0.0157490674357944,0.195411791908738,0.0342414382437682,0.0204787963239003,0.191241424448099,0,0.0354342640875698,0.0235884433301817
0.00172439253329824,0.00596956791575272,0.00234108473861818,0.00153473472828429,0.00211991200941187,0.00241579952694967,0.00159219916434316,0.00281715251321092,0.0336201919771182,0.00901956168423704,0.00973235798126663,0.0014480083766402,0.0030821313312101,0.002727596201748,0.00738663727837315,0.0074460997013918,0.00543258641331529,0,0.0201533730764352
0.00192803602356038,0.0195021635738738,0.0395326710896309,0.00142267201199038,0.00340762783290693,0.00353160931616054,0.00159665265035637,0.1755612266346,0.0325221097872956,0.00763734437285117,0.0169599432870207,0.0022798237374981,0.0248444577000521,0.00341588407625967,0.0174338977474727,0.00880082154576567,0.00579859701538575,0.0307335623025902,0
