0,-0.0158162284642458,0.00994664523750544,-0.00760151073336601,0.00936861056834459,-0.0105439592152834,0.0198836494237185,0,-0.0225661061704159,0.0150042101740837,0.0169075168669224
-0.00962532125413418,0,0.0083901584148407,0.00630435580387712,-0.00775118544697762,-0.0107200779020786,0.0156290903687477,-0,0.0201620999723673,-0.00868085492402315,0.0115691367536783
0.00915093906223774,0.0119177419692278,0,-0.00566560635343194,-0.00838306173682213,-0.00884054601192474,-0.0151379741728306,-0,-0.0152841191738844,0.0129131460562348,-0.0147999906912446
-0.0150540173053741,0.0207247007638216,-0.0129847638309002,0,-0.0113610634580255,-0.0144400345161557,0.0276214107871056,0,-0.0329626761376858,0.019140025600791,-0.0208689998835325
0.0116980839520693,-0.0164856426417828,-0.0104458499699831,-0.0064255646429956,0,-0.0115678422152996,-0.0178287327289581,-0,-0.0221851672977209,0.0157724339514971,0.0156820099800825
-0.00799841992557049,-0.0118093928322196,-0.00716877682134509,-0.00375720066949725,-0.00565253384411335,0,0.00932843144983053,0,-0.0134313926100731,-0.00777170388028026,0.00733203953132033
0.0169528815895319,0.0222751535475254,-0.0133420517668128,0.0101156402379274,-0.0121527658775449,0.0151502601802349,0,0,-0.0370053574442863,0.0208593774586916,-0.0220887344330549
0.0189594253897667,-0.0224519986659288,-0.0147752352058887,0.0121246743947268,-0.0148339355364442,0.015166032128036,0.0381278544664383,0,-0.0410753823816776,-0.0285435058176517,-0.0331196002662182
-0.0128573039546609,0.017353355884552,-0.0100163668394089,-0.00782092660665512,-0.00907490309327841,-0.0119130555540323,-0.0246190913021564,-0,0,0.014004054479301,0.0174170862883329
0.0182679649442434,-0.0215505715459585,0.0151220560073853,0.0118625164031982,0.0148020582273602,-0.0151738990098238,0.0367522351443768,-0.541070699691772,0.0403001233935356,0,-0.0336402244865894
0.0177642293274403,0.0231659337878227,-0.0146867502480745,-0.0110275829210877,0.013983310200274,0.0161653943359852,-0.0335029475390911,-0.00696669891476631,0.0395558178424835,-0.0245776306837797,0
