0,1.17501465833198e-37,1.15473360960587e-37,0.00628020521253347,5.75805309898168e-38,-0.00295409606769681,-1.43405588985014e-37,0.0129787987098098,0,0.00726201804354787,-0.0018512369133532
0.00364846759475768,0,2.70469661273805e-37,0.00960288941860199,-3.34357952329382e-37,-0.00694846780970693,-1.83782771091885e-37,0.0164303872734308,1.29530783580736e-37,-0.011091947555542,0.00131592235993594
0.00567043991759419,1.49031622953074e-37,0,-0.00696267653256655,-1.43058145438575e-37,0.00579374888911843,-1.55154400411157e-37,-0.0163640938699245,8.33988442288711e-38,0.00673749670386314,-0.00192186795175076
0.00757771730422974,1.87438792416471e-37,-2.51216649942672e-37,0,2.56701533919019e-37,-0.00578244542703032,1.91240515150185e-37,-0.0229163132607937,6.91934500960834e-38,-0.0138751901686192,0.00253450078889728
0.00650594895705581,-1.62523840245429e-37,-2.51915012255741e-37,0.00857626460492611,0,-0.00921874027699232,-2.32989523612079e-37,-0.0187691487371922,-1.11418967298174e-37,0.0152654116973281,0.00179076998028904
-0.0070932861417532,-1.13680281866412e-37,2.49806428009727e-37,-0.013837456703186,-3.98988909150277e-37,0,2.95403020901475e-37,-0.0239363182336092,-0,0.0214919336140156,0.00182580098044127
-0.00400472059845924,-5.48998918691142e-38,-1.15897875922563e-37,0.0041415705345571,-6.17270348028863e-38,0.00636573741212487,0,-0.00999218691140413,-0,0.00753144500777125,0.00131307495757937
0.00649424782022834,1.45082382727425e-37,-1.67814560306558e-37,-0.00791820604354143,-1.26272551653814e-37,-0.0031860473100096,-1.65543515121784e-37,0,0,-0.00834812130779028,-0.00214499817229807
0.00496602570638061,1.56012521959546e-37,3.16500141011658e-37,0.0078544095158577,-2.64335381957927e-37,-0.00953145604580641,-2.05328743915773e-37,0.0160469766706228,0,0.0110456198453903,-0.00148717488627881
0.00525215361267328,-1.34677584684385e-37,1.10972726604807e-37,-0.00833329651504755,2.58495554685761e-37,0.00624340958893299,1.65085806201784e-37,-0.0172328799962997,0,0,0.00142503227107227
-0.00524388160556555,1.26983234182981e-37,-1.70168259679952e-37,0.00751469377428293,7.45974455198749e-38,0.0023775789886713,1.46246480598096e-37,-0.0158286895602942,-0,0.00730469357222319,0
