0,-0.00732982251793146,0.0104262949898839,-0,-0.00750267412513494,-3.83793497652443e-37,0.00517551135271788,0,0,-0.00546454871073365,0.00574286933988333
-0.00414075003936887,0,-0.00538079719990492,-0,-0.00372786750085652,-1.97886503823683e-37,0.00257435929961503,0,0,0.00269596418365836,-0.00291788205504417
0.0086419777944684,-0.00657526403665543,0,0,0.00714979134500027,4.20532494161582e-37,-0.00524960923939943,-0,0,0.00511033739894629,-0.00580305652692914
-0.00684021739289165,-0.00528873922303319,0.00837975926697254,0,0.00571768498048186,3.57939182253244e-37,0.0039830575697124,-0,-0,0.00391718791797757,0.00424950709566474
-0.00894017051905394,-0.00745257642120123,0.0106686381623149,0,0,5.08277633733372e-37,-0.00508773513138294,-0,-0,0.00522766541689634,-0.0053293090313673
-0.00823166035115719,-0.00676783174276352,0.00954122189432383,0.416131108999252,0.00673652812838554,0,0.00468436628580093,0.438104003667831,-0.50469833612442,0.00463271606713533,-0.00482414662837982
0.00499024987220764,0.00389585294760764,-0.00608601840212941,0,-0.0041302926838398,2.56792315638731e-37,0,0,-0,-0.00293915392830968,-0.00309029524214566
0.00795142631977797,0.00604823464527726,-0.00957645941525698,-0,-0.00645523797720671,4.16736253307461e-37,0.00456773536279798,0,0,0.00454262876883149,-0.00506751704961061
0.00638070702552795,0.00487657403573394,0.00758613599464297,-0,-0.00532444939017296,-3.58214800845595e-37,-0.00366327282972634,0,0,-0.00371163175441325,0.00407122308388352
-0.00790334120392799,0.00717809330672026,0.0102723250165582,0,0.006748475600034,4.15399975091881e-37,-0.00489967409521341,0,-0,0,0.00525954691693187
0.0102082137018442,-0.00862398743629456,-0.0121167171746492,0,-0.00834288820624352,-6.18922860071485e-37,-0.00561295170336962,-0,0,0.00581145333126187,0
