0,7.11234921021611e-38,-0.00322064198553562,1.61796465448955e-37,-2.48309303151218e-37,-0.00608232617378235,1.15703140277573e-37,2.15896933359753e-37,0.0070830169133842,-0.00170564057771116,7.26072934148715e-38
1.16414484219615e-37,0,0.00286985212005675,3.92839450969433e-38,5.45080047405812e-38,0.00259101530537009,3.49462565291921e-38,1.49488390200506e-37,-0.00665245437994599,-0.00091408402658999,-1.56504761676303e-38
-6.89725101698102e-38,0,0,7.94758475208613e-39,4.89520216827521e-39,0.00137515470851213,7.28357667216889e-39,1.1834966618846e-37,-0.00623815599828959,0.000602357904426754,-0
7.6243718981733e-38,1.74909443732715e-38,0.00215588812716305,0,1.0899355507457e-37,0.00346666108816862,-4.53782229468582e-38,-1.49264204866989e-37,0.00464027374982834,0.000955996161792427,-2.37485197371295e-38
-5.00580077061081e-38,1.7488564968479e-38,0.00136993417982012,5.97203305604223e-38,0,0.00322092301212251,-4.06420639503885e-38,1.22019969546995e-37,-0.00282090716063976,0.00087492010788992,-2.57628190172701e-38
-1.62891992180573e-38,0,0.000955571886152029,1.71654970088274e-38,4.00951371597625e-38,0,-9.69932694286162e-39,-7.44982391937946e-38,0.00171304738614708,0.000598089187406003,-1.18440604853601e-38
7.8896018242293e-38,8.16989234566048e-39,0.00230656214989722,-5.85085324900251e-38,-9.08531242773671e-38,-0.0032588264439255,0,1.46127213283201e-37,-0.00519089261069894,-0.000986867002211511,-2.31424441383244e-38
9.38089840216569e-38,1.41295894910616e-38,0.00306576816365123,-6.44184078698256e-38,8.5699086868448e-38,-0.00268759462051094,4.28796181018653e-38,0,0.00659896805882454,-0.00102374155540019,1.63843796136496e-38
1.089840374554e-37,-4.58616260754994e-38,-0.00295139569789171,8.9522854829602e-38,-1.28805303339785e-37,0.00387389422394335,-7.39227763612411e-38,1.58694752955304e-37,0,-0.0012227357365191,4.31098122031969e-38
-2.01025546908423e-37,-8.55175850861548e-38,0.00472895335406065,1.59521070633747e-37,2.26075203098244e-37,0.00640683062374592,-1.32476167217706e-37,-2.90563922519816e-37,-0.0106960199773312,0,-5.44027448051349e-38
2.30934435336238e-37,-6.18375860413338e-38,-0.00529853301122785,-1.17205500387145e-37,-1.39405072445957e-37,-0.00448703533038497,-1.17956865413328e-37,2.89002360352723e-37,0.0129333212971687,-0.00193069165106863,0
