0,-0.00441691093146801,-0.0012964567868039,9.86331053253292e-38,0.0136731415987015,-4.62424429461643e-38,-1.79314422652723e-37,0.0329392813146114,1.50899464122918e-37,-0,-1.66872685951553e-37
-0.000730769999790937,0,0.00213988614268601,1.77739531334637e-37,0.0140083143487573,-9.37390928594502e-38,2.15995338143112e-37,0.0394668094813824,-1.10136297156645e-37,0.123246885836124,1.42080453894822e-37
-0.000525425944942981,0.0044383043423295,0,1.2550559297832e-37,0.012938073836267,1.20198987797799e-37,1.34737683572923e-37,-0.0142837790772319,0,-0,-5.67935785878335e-38
0.000616825534962118,0.00215351697988808,0.00100634945556521,0,-0.00774007849395275,-0,1.08640024287602e-37,0.0132403150200844,-4.66555233126718e-38,-0.0411792658269405,5.72659563001574e-38
0.000511448073666543,0.00336269848048687,0.000487561628688127,-1.35719918126298e-38,0,-0,-1.05186630720957e-37,-0.0169180147349834,-0,0,4.01630496885375e-38
-0.00100627518258989,-0.00749631645157933,0.0041098203510046,-2.78831915464857e-37,-0.0153600424528122,0,2.9550149294716e-37,-0.0397616773843765,-1.14441859555803e-37,0.195843279361725,2.49247455657501e-37
-0.00102079659700394,0.00723559595644474,0.00216742441989481,2.26790358572109e-37,-0.0143508119508624,1.68030343454482e-38,0,-0.0384010747075081,-2.21577461022494e-37,0.06542107462883,1.68783227488201e-37
0.000863268680404872,0.00367164076305926,-0.00141889555379748,1.63895072449903e-37,-0.0123781459406018,-3.42474542084057e-38,-1.22880422856029e-37,0,3.98547219874321e-38,0.00184792978689075,-9.4125531739554e-38
0.000992688816040754,-0.00435711815953255,0.00106534617953002,-5.34118922662047e-38,-0.00854683481156826,-0,-1.43042899311283e-37,0.0304883308708668,0,-0,-1.26949300339369e-37
-0.000673811882734299,0.00672945752739906,-0.00260327663272619,-3.33179852684455e-37,0.0154858976602554,2.8027356571976e-38,2.76174919051844e-37,0.0386314764618874,-7.55234852022332e-38,0,-1.34953012700145e-37
-0.00139168160967529,0.00396194960922003,-0.00173560134135187,1.89718592914051e-37,0.0154025787487626,5.48756886420384e-38,1.84019343903826e-37,-0.0342395193874836,-1.62160971205495e-37,-0,0
