0,-0,0.00422017928212881,0.00655613420531154,0.00245731486938894,0.0106601864099503,0.00413457909598947,9.38395099074037e-38,-9.98515847868043e-38,-0.0113381640985608,-0.00892742443829775
-0.0113913062959909,0,-0.00424718577414751,0.00896268896758556,0.00245041726157069,-0.0105595616623759,-0.00529233179986477,-1.17668287612779e-37,1.22218124360238e-37,-0.0169251170009375,0.00913785863667727
0.0113784121349454,-0,0,-0.00929097644984722,0.00353647652082145,0.0105861369520426,-0.00566238677129149,-1.20333523660762e-37,-1.40080599199251e-37,0.0155502278357744,0.0124295419082046
0.00551210809499025,0,-0.00287317275069654,0,-0.00158723304048181,0.0066146538592875,0.00324719166383147,-7.26389571549714e-38,-8.07167141266025e-38,0.00715712318196893,-0.00438815634697676
0.0120411077514291,0.0114232944324613,0.00345461093820632,-0.00891888048499823,0,-0.0124308876693249,0.00516307912766933,8.73835989628006e-38,1.36216905442252e-37,-0.0119643174111843,0.00993246864527464
0.0201345253735781,-0.0486031211912632,0.00777083961293101,0.0141355004161596,-0.00603619311004877,0,0.00821410026401281,1.77786469227999e-37,-2.19948143272055e-37,-0.0234477762132883,-0.0191929172724485
0.0123888961970806,-0.0708060637116432,-0.00526359071955085,0.0110805975273252,0.00389725086279213,0.0133967706933618,0,-1.30907464033639e-37,-1.71136971703146e-37,-0.0175615139305592,-0.0118329357355833
0.0220331288874149,-0.110947363078594,-0.00670582707971334,-0.0164589323103428,0.00560737028717995,0.0199281014502048,-0.00916076917201281,0,2.29903864393635e-37,0.0262760724872351,-0.0177239216864109
-0.0136670600622892,0.117156520485878,-0.00522724771872163,-0.0125289354473352,0.0042237383313477,-0.0148288086056709,-0.00673343194648623,1.34641520867107e-37,0,0.0202709063887596,0.013049054890871
-0.0102165276184678,-0,0.00480587175115943,0.00880304910242558,-0.00262925424613059,-0.00976692605763674,-0.00512343365699053,1.08302513144679e-37,1.34786392707543e-37,0,-0.00932356808334589
-0.00766703160479665,0,0.00285850744694471,-0.00405487976968288,0.00253215967677534,-0.00668260315433145,-0.00323955155909061,-5.42651709271014e-38,8.04907351310516e-38,-0.00576583249494433,0
