0,0.0104530947599298,0.00567868789393213,0.258078725749896,0.052091378915404,0.0565930518775431,0.195274231709895,0.00575425488207182,0.0297244167879688,0.066732632397665,0.0282442809958483,0.235308228738656,0.0102196047576036,0.116390845225896,0.0287536928960804,0.0128733840225169,0.0246985748491647,0.0288066726652518,0.0227268486303924
0.00196970725980621,0,0.0353487442120408,0.00163620726769459,0.0375973275960895,0.0332584814698893,0.00107669551367453,0.0434931154139792,0.0343915080288216,0.056638974586734,0.0791206234776158,0.00255591733357283,0.0435882659327612,0.00930328964473036,0.0268688315106407,0.341479287896798,0.0269365180772503,0.032636926318475,0.0332058588754214
0.00127351415634046,0.0535311179043213,0,0.00128193114616577,0.021963126741827,0.019577632590844,0.00111096114999231,0.360026598855287,0.0339572781770594,0.0413524947452988,0.0808386725954813,0.00144602967392702,0.264442319233125,0.00637029573879327,0.0321227397463046,0.048226918673973,0.116999512563497,0.0320714125755283,0.0772694511706077
0.307735858356968,0.0141243265824347,0.00438881607314297,0,0.0466692783478563,0.0600944278072678,0.327793397912324,0.00368613642428215,0.0297893922106259,0.0566324742110804,0.0348357439831367,0.308370066586354,0.0130016317332334,0.151979133569114,0.034077800962701,0.0108311423846802,0.0238644472059802,0.0291354163239807,0.0233676720264107
0.0290905981207621,0.0686581582780155,0.0358924935306805,0.0301918763854838,0,0.244741784388148,0.0285594279460668,0.0251195734447769,0.0306745582361312,0.0211886209919155,0.0278673298870914,0.0240202380079297,0.016120563358108,0.0634848153618969,0.125164363795915,0.031366673594619,0.0242114182421307,0.0322101247972908,0.0352484987371182
0.0280191852100913,0.0636926128619924,0.035512882444247,0.0347091639585665,0.253112985540524,0,0.0279071025279117,0.0258904239312531,0.0287902750835268,0.019200793128932,0.029891430418412,0.0312657251825485,0.0154500232711716,0.0646905051975697,0.115568180922063,0.0332011040785707,0.0264380156882681,0.0282707717755959,0.0292619639879042
0.201676322847606,0.0126954426959628,0.00586326276812242,0.259063035777593,0.0748342162424317,0.0769163079021802,0,0.00481265194385139,0.0300077137126617,0.0479492071719042,0.0385802859930833,0.230169713007527,0.0188016541808979,0.217995730622115,0.0449609799814097,0.00984681501038537,0.0326901176511189,0.0304172751438574,0.0246471669988866
0.00128146955562926,0.0578704944532341,0.383128762440394,0.000746300515260304,0.0150739567214068,0.0140704051971911,0.000744903535802014,0,0.0313034704976183,0.0320037525706213,0.0617374163629908,0.000874046698346123,0.18476142370051,0.00399654582364897,0.0354313985344571,0.0226720049808103,0.0711873307093137,0.0312291511743596,0.133826443952274
0.00163908553834127,0.00921809116093077,0.00534805353398863,0.00112355395014269,0.00994328536664043,0.0101093574638771,0.00153043205461779,0.00484175606978606,0,0.0214872625840616,0.0177098345534974,0.00119893997871189,0.0104130643597966,0.00327079528123668,0.0148079686185014,0.0109289590484512,0.0208189340811175,0.0311304209292451,0.0248262597922485
0.0129235876496014,0.0181687524916083,0.00865677430141411,0.0116904260500534,0.00866689876347692,0.00937144240516015,0.00850011461559021,0.00833134590587696,0.0346654067736542,0,0.0238830194368596,0.0127675479093875,0.0188085519718838,0.00515447388545443,0.0196944396539415,0.0859072976317514,0.0302871409034647,0.0365372764915794,0.0235780646220366
0.00540748412649435,0.0581369558858606,0.0506226851447681,0.00543873423171001,0.0143483274778107,0.0150896777415948,0.00406688942323917,0.0522254907764714,0.0298824289566154,0.0315158529075531,0,0.00464781131804192,0.0632143740562204,0.0280975643897628,0.016744151510332,0.0185273264061128,0.0167540841227767,0.035068117840654,0.0346859888753533
0.262981616026617,0.0127998107667396,0.00406791892300759,0.267217964745088,0.0552435243296275,0.0532298891340513,0.273107100511371,0.0040873693388317,0.0292955874372135,0.0610435917351672,0.0362393604656423,0,0.0123247579446839,0.211798098877927,0.0537173746041818,0.00845629024234188,0.0270910042385411,0.0286412802296428,0.022524491840852
0.00223491569751306,0.0522028495345815,0.188622823550271,0.00266626569544643,0.0105647982728985,0.0108652905814779,0.00244417702034602,0.17159889460081,0.0304386931297928,0.0417040735986569,0.119324828891249,0.00199334660378456,0,0.0164966199935612,0.0152759774137922,0.0479066534794483,0.149684815362927,0.0315878706945609,0.042262045392933
0.10153783284542,0.0447321160885641,0.0124175743429215,0.0931545520233354,0.155671059333242,0.160302433031608,0.0906555036451805,0.00864114307350133,0.0311351340899914,0.0238411769687953,0.0601714584229469,0.108617083795843,0.0389101660212628,0,0.138329320343707,0.0274559736978077,0.0625747825725024,0.0304600363621748,0.029066918922297
0.0126019547591752,0.0169473653019054,0.0504924032074384,0.0112970079541505,0.0615663520010164,0.0564995676131028,0.0125369612780365,0.0519130794135156,0.0315923692455445,0.0253007979076884,0.0213090161686475,0.0136606982327428,0.0147711275243204,0.0241585283439332,0,0.0980729054819386,0.0210996091410904,0.0298096734202647,0.0379866818015032
0.00102850261337141,0.403856864486254,0.0171020259502603,0.000773094580875039,0.0140631886992122,0.0135913765839674,0.000768658570878332,0.00823915658365925,0.0310772300091655,0.0955591519763962,0.0377139466069497,0.000906016436460841,0.0228583523089785,0.00422431464815662,0.0454749964942857,0,0.0520169389965547,0.0322970877700186,0.031962297974468
0.0036592519163894,0.0126789103709728,0.0628694555765747,0.00411386772337179,0.0111672182940476,0.0127287884093898,0.00477067851149009,0.0450899623839237,0.0320065483798762,0.0325606599705187,0.0175195207299818,0.00406050936575747,0.0937893328347431,0.0149523009670582,0.0190118699316185,0.0723463349651151,0,0.0314803955532473,0.0226037022381544
0.00145419092088768,0.00760028128675399,0.00545793471214199,0.000872505795992681,0.00945760980696928,0.010736368586846,0.00126765421969636,0.0045326577086979,0.0318692719889465,0.0248003974816278,0.0220788301723978,0.00133330063618497,0.0115557916277116,0.00364358383425972,0.0145257868339359,0.0126722490671634,0.0187474638351638,0,0.0276150472587011
0.00182931277292041,0.0113998568435619,0.0192482583559164,0.00113799364265668,0.0117426602702466,0.0116010656038148,0.00130595780485614,0.113130948412689,0.0315483316930017,0.0198763161026811,0.0232652659205442,0.00126863329993356,0.01393696037673,0.00455485888751905,0.0199312443372963,0.0152841410718085,0.0170744901395367,0.0303941886795199,0
