0,0.0119998976588249,-0.0370049923658371,0.138555124402046,0,-1.41482233975208e-37,0.0187724139541388,0.0116380760446191,6.78922716044377e-38,-0.0527922064065933,-0.213634133338928
0,0,-0,0,-0,-1.12060086568975e-38,-0.00107239955104887,-0.00335386488586664,8.20012227717166e-38,0,0
-0.000931449176277965,-0.010598286986351,0,-0,-0,-0,-0.00623916415497661,0.00439184671267867,-8.17462368979542e-38,-0.00845069624483585,-0
0.01922507584095,0.027265464887023,-0.062208529561758,0,-0,1.66676324800344e-37,0.0337189547717571,0.0109109291806817,1.76422804035232e-37,0.0656585842370987,0.222708955407143
0.00802298448979855,-0.0240905713289976,-0.0622627511620522,-0,0,-4.72503661029869e-38,0.0209779590368271,0.0128106167539954,-2.35235883523105e-37,0.0401176773011684,0
-0.0122794881463051,-0.00873983092606068,-0.0240856260061264,0.123394139111042,-0.0395383425056934,0,-0.0230104178190231,-0.00986815802752972,-1.96462650059276e-37,0.0342473909258842,-0.0846090540289879
0.0070514571852982,-0.0261195208877325,-0.0479099042713642,0,0,-9.44035045133252e-38,0,-0.0125307841226459,-2.97100497809219e-37,-0.0369148403406143,-0
0.0242688525468111,-0.0507505461573601,0.107560604810715,0.120889164507389,0.214471563696861,-1.44351936284717e-37,-0.0862296372652054,0,-4.36404833711173e-37,-0.105175755918026,-0.18274961411953
0.0111812306568027,0.0139294341206551,-0.0290431082248688,0.0722147300839424,-0.109156891703606,-1.11729169936625e-37,-0.0386342741549015,-0.0140001066029072,0,-0.0401783213019371,0.0200613606721163
-0.00739506911486387,0.0163647830486298,-0.0375389494001865,0.0233824495226145,0,3.71717847372481e-38,-0.0264986399561167,-0.0111796408891678,-1.43146539345705e-37,0,0.0386656001210213
-0.0127631602808833,0.0211706552654505,-0.0487217530608177,0.0681622624397278,0,-1.0491016013914e-37,-0.0216424576938152,-0.00823433138430119,1.18715281773384e-37,0.0479550138115883,0
