0,-0.00688318628817797,-0.00372221902944148,0.00469315052032471,0.00606225291267037,-0.00845059845596552,0.00559708289802074,0.00454071676358581,-2.01419950768998e-37,-0.0127117149531841,0.00201493198983371
-4.8788714920239e-37,0,0.00326175731606781,-0.00555821973830462,0.00596041092649102,0.00542241893708706,-0.00644127791747451,0.00535082258284092,8.66087874107122e-38,-0.0143775912001729,0.000951535068452358
-2.03722631667903e-37,0.00407417910173535,0,-0.0022087013348937,0.00241839094087481,0.00367717514745891,-0.00264387507922947,0.00216171145439148,-6.31654900972912e-38,0.00640760501846671,-0.0009010587236844
4.97472793004737e-37,-0.00996364653110504,-0.00343742314726114,0,-0.0075242598541081,0.00767026748508215,0.00522913550958037,0.0044302367605269,1.6581484013564e-37,0.0133826415985823,-0.00142104201950133
3.38105405576169e-37,0.009426174685359,0.00210499600507319,-0.00417066784575582,0,0.00449210731312633,-0.00392677402123809,0.00351651548407972,-8.88296941364329e-38,0.0093183284625411,-0.000638254859950393
-4.22054141743217e-38,0.00346710695885122,0.000551655713934451,0.00145937304478139,0.00208594347350299,0,-0.000974948226939887,-0.000950267363805324,-6.79064191137335e-39,0.00322992354631424,-0.000266075483523309
3.2156138443627e-37,-0.00423208856955171,-0.00271712872199714,0.00281276530586183,-0.0030406485311687,-0.00562033941969275,0,0.00318715162575245,-1.22842733532532e-37,-0.00986293237656355,0.00178140075877309
2.99741171897719e-37,0.00439603487029672,0.00237493892200291,0.00280272820964456,0.00329783326014876,-0.00505543919280171,0.00352622824721038,0,1.02837583658465e-37,0.00890245661139488,-0.00144818017724901
-1.61230318448592e-37,0.00431184936314821,-0.00110685057006776,0.0023960336111486,-0.00299894087947905,-0.00273546995595098,-0.00177163921762258,0.00166552141308784,0,0.00557536678388715,0.000619091500993818
-1.88092795225353e-37,-0.00418859580531716,0.00150912336539477,0.00209050346165895,0.00236127502284944,0.00338282785378397,-0.00250181648880243,0.00202903081662953,5.7127749035218e-38,0,0.000796180567704141
1.23226173633923e-37,0.002517533255741,-0.00118830217979848,-0.001580223091878,-0.00206238846294582,-0.00242250226438046,0.00156764511484653,-0.00133545871358365,3.58965190568047e-38,0.00500135542824864,0
