0,-0.0372742936015129,-0.0558518245816231,0.0367338396608829,0.0596742741763592,0.0284599587321281,-0.0296173933893442,0.0292479861527681,-0.0404408015310764,0.0351346954703331,-0.033916998654604
-0,0,-0,0,-0,-0,-0,-0,0,0,0
-0.00235117040574551,-0.00799431093037128,0,0.00575202377513051,-0.00645957794040442,-0.0120887039229274,-0.00696267979219556,-0,0.0061713345348835,0,0.00987189169973135
0.0246192552149296,0.0336695052683353,0.0429963730275631,0,-0.0417492091655731,0.0280629303306341,0.0296849571168423,0.029546907171607,0.0332344844937325,-0.0281704179942608,-0.0270669795572758
0.0206659752875566,-0.0242806207388639,-0.0479090325534344,-0.034223522990942,0,0.0268553905189037,0.0250577870756388,0.0270010214298964,0.0381237342953682,0.0132775260135531,0.0595981329679489
0.0285719819366932,-0.0301318243145943,-0.0540509708225727,0.0494042746722698,0.0891108214855194,0,-0.0344599634408951,0.0399612113833427,-0.0527765080332756,-0.021010335534811,-0.0720974802970886
-0.0305116083472967,-0.0170779284089804,-0.0341643616557121,0.047673437744379,0.0963660031557083,-0.0487428084015846,0,0.0383159630000591,-0.0515228882431984,0.0164460130035877,-0.0849312618374825
0.0253278184682131,-0.0147717520594597,-0.0379930585622787,0.0361008830368519,0.0949672237038612,0.0401290580630302,0.028219897300005,0,-0.0477189645171165,-0.0144825587049127,-0.0807828903198242
-0.0255428049713373,0.0237548109143972,0.0424492917954922,0.040432371199131,0.0708515495061874,-0.0370419174432755,-0.0313045457005501,-0.0277093257755041,0,0.0121516129001975,0.0651899054646492
0.0144241861999035,0.00625104550272226,0.0076618087477982,-0.0175897218286991,0.0523856244981289,-0.0249578841030598,0.0168100595474243,-0.00935836788266897,0.0268441960215569,0,0.0378408245742321
-0.0222874879837036,0.0283057410269976,0.0600352771580219,-0.0407150536775589,0.0786766931414604,-0.0320081375539303,-0.0332590453326702,-0.0308029782027006,0.048405583947897,0.0150386849418283,0
