0,0.0239110644906759,-0.00404590228572488,0.00399336544796824,-0,-0,0.00608629873022437,0.0141628542914987,0,-0.016732620075345,-0.0131355077028275
0.0042171161621809,0,0.00391109008342028,-0.00360022694803774,0,0,0.00575113529339433,-0.0128499260172248,-0,-0.0150536205619574,-0.0132085531949997
-0.00234414427541196,0.0125517910346389,0,-0.00200746930204332,0,0,-0.00371365272440016,-0.00745474873110652,-0,0.00935140252113342,-0.00758365727961063
0.00733238318935037,-0.0355527140200138,-0.00615206360816956,0,0.502087891101837,0.32475334405899,0.00838296767324209,0.0212908089160919,-0.354396313428879,0.0254632811993361,-0.0184310264885426
-0.00438565295189619,0.0269243158400059,0.00334453349933028,0.00381799950264394,0,0,-0.00529038207605481,0.0137469777837396,-0,0.0152962636202574,-0.0124481879174709
-0.00115199130959809,0.00836919154971838,0.000697296636644751,0.00127864221576601,0,0,-0.00148638512473553,-0.00365056726150215,-0,0.00325662200339139,-0.00366539345122874
0.00381448096595705,0.0162523370236158,-0.00423687975853682,0.00315292691811919,-0,-0,0,0.0109505252912641,-0,-0.016188308596611,-0.0113457096740603
0.00330110592767596,-0.0180574133992195,-0.00300858588889241,0.00288881012238562,0,-0,0.00452566798776388,0,0,0.0125813903287053,0.00977623090147972
0.0023286659270525,-0.0131100211292505,-0.00203130720183253,-0.0019686627201736,-0,-0,-0.0029929606243968,0.007120197173208,0,-0.00903557613492012,0.00615290086716413
-0.00228267512284219,-0.0123832458630204,0.00216230447404087,0.00193016021512449,0,0,-0.00348497135564685,0.00721275620162487,-0,0,-0.00735191209241748
-0.000993176130577922,-0.00660307565703988,-0.000946634158026427,-0.00102556531783193,-0,-0,-0.00162756850477308,0.00287972227670252,0,-0.00382712855935097,0
