0,0.0190236765838971,0.00241252762737523,0.19134515694477,0.0339960941817147,0.0316498077330013,0.180789843135867,0.00276945854333449,0.0317824568857242,0.154131020964008,0.0336529035584453,0.20104509137376,0.00751693422236272,0.106750724457769,0.0224299152049577,0.0110966679930127,0.0153341409163896,0.0294986945069795,0.0197592223322971
0.00608068289873329,0,0.021377804964294,0.00563090106454825,0.0486085241250047,0.052127371377285,0.00742003547632939,0.0378226869532687,0.038119372548873,0.0376872347368745,0.088238269756073,0.00656836134605559,0.0365180816235969,0.0231121881940975,0.0289898002172786,0.185701188265873,0.0415079510943079,0.0373276683546235,0.039209312815861
0.00139096551297959,0.0374511699477254,0,0.00156002659218944,0.0334232018702607,0.0358425428561346,0.00152195249998734,0.362593687527891,0.0323291075962352,0.0225349702696821,0.0397267554247571,0.00142143557277428,0.279810586807928,0.00537375387912033,0.0576326730145494,0.0350952122733597,0.197142515550341,0.0344097776433101,0.0988990302255956
0.245639705690143,0.019165601835619,0.00286700402780315,0,0.0474974207438553,0.0490860016008736,0.259017926144374,0.00308731738285196,0.0319550924957198,0.129913009385692,0.0289179305901479,0.256496408556885,0.00967406097094517,0.172314940771358,0.019828759060921,0.0178464469233673,0.0296420047654178,0.028977083502116,0.0232284057526171
0.011517424539981,0.107804852628325,0.0595150465773953,0.00846534629176964,0,0.300769218712208,0.0135546902880016,0.0242606128237421,0.0321727225023837,0.0162351646392942,0.0254970712312089,0.0144889138811941,0.0212155923706863,0.0431964835796229,0.14125991858627,0.0466489015665419,0.0244990772286157,0.0314033228383984,0.0309797210960302
0.0171761121333032,0.0961891202698814,0.0561733871671776,0.0187433652743246,0.309285301075752,0,0.0156263854356577,0.0289900816494757,0.0292042430652921,0.0145782376144078,0.02523822546857,0.0161582060991821,0.018119503681065,0.0417999767097821,0.139566570408853,0.0409104808315074,0.025568740665312,0.0314671635422826,0.0270068383128693
0.288766905275474,0.0183857431020711,0.00234341366405378,0.277454108743523,0.0355569308705804,0.0396807124454965,0,0.00255619633706954,0.0308468495343511,0.0825741685685434,0.0426610350332798,0.281545863642271,0.0116759784743823,0.205389181006554,0.0190449654425572,0.0145841971911731,0.0320624832162995,0.0290674920583889,0.0205175093319719
0.00201089760837909,0.0489779021975604,0.333961195182442,0.0014713592345453,0.0158519014512172,0.0155973138742762,0.00141940855221374,0,0.0315103585354916,0.00708051070115905,0.0267463492584831,0.00147596298940974,0.117883503176917,0.002997663905704,0.0643833587007889,0.0129755195020414,0.0131797705646331,0.0321780667040548,0.152020183839201
0.00180926386221249,0.00836426075916075,0.00251280729970845,0.0015734138449521,0.00781947298748783,0.00688554140090193,0.00159505948348124,0.00248906985457432,0,0.00442061930880415,0.0141606390638466,0.00149435197186334,0.00289092561956549,0.00283635545468603,0.0132924063339501,0.00565407214898072,0.0036877968219021,0.032884444676165,0.0216554057300328
0.0599338625308002,0.0229063250865714,0.0158912665605228,0.0555345861037783,0.00862217370986103,0.00932904052910312,0.0537449599098324,0.0102661826834931,0.031305135867142,0,0.0893946534602645,0.0509017422024321,0.0468748561060265,0.0126754961133799,0.029477060688162,0.177310407186592,0.107688294385471,0.0337163277359729,0.0215410226409311
0.00710924969478504,0.0896384277340053,0.0418787119702302,0.00588371313881714,0.0134276497662753,0.0133484897900267,0.00494239750774353,0.0422112978832099,0.0361619666559348,0.0169150118689689,0,0.00615533114106618,0.0999156489648353,0.0316234721531238,0.0148296360688329,0.0114691404442828,0.00989622873744317,0.0344797380110246,0.0352391600016102
0.208611839639973,0.0205334720541258,0.00242286877990532,0.267205983704188,0.0449255651191515,0.0573502429842494,0.299814622215169,0.00220828341330219,0.0304812143975096,0.0936701884385567,0.0347632683321929,0,0.00696341851996424,0.177570580287682,0.0214170978505565,0.0125125663179353,0.0238885168668599,0.0331044094568289,0.0208415875389765
0.00542054659998733,0.0675384282036057,0.211849131270941,0.00548582482598237,0.0148612525636673,0.0139217163882554,0.00667586729054695,0.150026748591815,0.0315332449053714,0.0546755877782684,0.185463417187285,0.00456094321721681,0,0.0313625420507549,0.023284577965299,0.055830369153647,0.259129531446791,0.0318143052698107,0.0547065607971605
0.084426870541226,0.0514911703589361,0.0107974805612032,0.101370548867489,0.147489636306426,0.136463926852826,0.0946232101846844,0.00725430956347648,0.0290379615522228,0.0308436794939575,0.089326937330421,0.099170486519133,0.036320770242826,0,0.0958616040102998,0.0412694941530782,0.0978537616294459,0.0325329271040012,0.0249884689400115
0.00294205943555503,0.0151258141698465,0.0350766022187054,0.00308942679502354,0.0850006171096871,0.081810114738243,0.00186721842149356,0.0631587520616126,0.0309277597812507,0.028231345694135,0.0161871874808456,0.0018197923239911,0.00757844734817122,0.0112165096635164,0,0.123465108910882,0.014401936577611,0.032049303078238,0.0510728037679212
0.00380046421703023,0.247880884139,0.00685674585278339,0.0051330660887563,0.0174479448487702,0.0192085147354098,0.00486669096311172,0.00514115781013076,0.0454858914228947,0.125088154500139,0.0333537708644615,0.00376850893215806,0.0173981272582319,0.00977160075597289,0.0838017896941502,0,0.0511058239725251,0.0352225705147292,0.0264509423420339
0.0271684519229396,0.0275456534600793,0.119568579857215,0.0297545053230075,0.0237072431008756,0.0282486951708226,0.0315904957316113,0.0650658253948455,0.0318848329039197,0.114790454512544,0.025811428093875,0.0318442427853892,0.231448769014061,0.0786676301595789,0.0221003169161512,0.148392667840194,0,0.0333953954550779,0.0287202237718898
0.00174860600056646,0.0123340513086326,0.00281733359058599,0.00139209194442754,0.00650592020338934,0.00769875715422651,0.00146279590238864,0.00279611270041333,0.0329409105337501,0.00520479468218143,0.015965428469189,0.00176353246340605,0.00277018611058414,0.00277855263226941,0.0113187887925117,0.00578376001977758,0.00381701385413996,0,0.025497549947514
0.00206870806625788,0.024660561390979,0.0421128784299193,0.00150790906731022,0.010580683985428,0.00857400347319049,0.00147755918181999,0.152350925642407,0.0324835212263969,0.00517290632285963,0.021635237365614,0.00145613245297049,0.00838883802278736,0.00353395026343061,0.0236692313606592,0.00836594711849942,0.00484301816819773,0.0356078985370273,0
