0,-0.0351736396551132,2.24160782767447e-37,-0.00747683877125382,-0.0460641272366047,-0.027128079906106,-0.0416649840772152,-0.00917697232216597,0.0295204445719719,0.0126296142116189,-0.0328705534338951
-0.00478140916675329,0,-3.23140546912074e-39,0.00296767707914114,0.0163748059421778,-0.00815893150866032,-0.0174641888588667,-0.00511002261191607,0.013799318112433,-0.00271737133152783,0.011421199887991
0.00876885466277599,-0.0119290295988321,0,0.0023399475030601,-0.0168384872376919,0.00747898453846574,-0.00771375512704253,-0.00221293629147112,0.0050469571724534,0.00814217701554298,-0.010309649631381
-0.0182180888950825,0.0264941267669201,1.79396471480406e-37,0,-0.0325927175581455,-0.0162928104400635,0.0315307043492794,-0.00787043385207653,-0.0321611054241657,0.0166098289191723,0.0287362281233072
-0.00547630991786718,0.0233162380754948,-1.26035334244579e-38,-0.00453104870393872,0,-0.0135574461892247,0.0266075078397989,0.00810598488897085,0.020488178357482,0.00117699999827892,0.0165257100015879
-0.0101007949560881,-0.0332525297999382,4.79643500913359e-38,-0.00686325179412961,-0.0335904657840729,0,0.0316957347095013,0.0125700896605849,-0.0324077308177948,-0.00360720930621028,0.0228115599602461
-0.00504057947546244,-0.0177630819380283,-2.64486453142769e-38,0.00323366886004806,0.0189468320459127,0.00875754561275244,0,-0.0055407932959497,0.0139884976670146,-0.00301682762801647,-0.0116498274728656
-0.0129427565261722,-0.0181386638432741,-1.41584999599387e-37,-0.00596712343394756,0.0282479748129845,0.00928948447108269,-0.0282734613865614,0,-0.0420933924615383,-0.0269477181136608,0.0296388100832701
0.0157831851392984,0.0303512457758188,6.49509068914629e-38,-0.00704286294057965,0.041923638433218,-0.0221954714506865,0.0386660285294056,-0.00858361925929785,0,0.0141379376873374,0.0335692018270493
0.0420703403651714,-0.0636946260929108,4.30449472183221e-37,0.0155132906511426,0.0887986719608307,-0.0456688851118088,-0.0755647569894791,-0.0158675387501717,0.0750019252300262,0,0.0701361298561096
-0.0126931527629495,0.0250629261136055,-9.20781506052676e-38,0.00565868290141225,0.0319947637617588,0.0156825426965952,-0.0285990070551634,0.00747882993891835,0.0275322813540697,0.00959290005266666,0
