0,-0.0187738463282585,-0.0182351190596819,-0.0348642431199551,-0.0445123538374901,0.0623743943870068,-0.00815204996615648,0.0223443862050772,-0.0255642849951982,0.0170383080840111,-0.018397768959403
-4.30310704398896e-38,0,-0,0,-0,-0,-0,-0,0,0,0
-1.14124647622434e-38,-0.00571186235174537,0,-0,-0,-0,-0.00290283234789968,0,0.000769351085182279,0,0
-1.40667048211765e-37,0.0235544946044683,-0.0475257821381092,0,0.063788503408432,0.0360865257680416,0.0158223230391741,0.0288093257695436,0.0371428057551384,-0.0211034994572401,-0.0662622898817062
-1.13330775608634e-37,-0.0194200798869133,-0.0421043485403061,0.0520121343433857,0,0.0370737090706825,0.014559518545866,0.0230914354324341,0.0384840741753578,0.0140560679137707,0.0754252597689629
1.24600029069122e-37,-0.0197971500456333,-0.0427465438842773,0.0623489916324615,0.0684553757309914,0,0.016423499211669,-0.0277084112167358,0.0433093570172787,0.0162641052156687,-0.0806666240096092
-1.86182567579561e-37,-0.0259444024413824,-0.0600687079131603,0.0759515091776848,0.112502299249172,0.0789775103330612,0,-0.0428810119628906,-0.0693932697176933,0.0215083528310061,-0.122024416923523
1.42700175338073e-37,-0.02510991320014,0.0479839518666267,0.0179301630705595,0.0382978320121765,-0.0332822501659393,-0.0161112323403358,0,0.0295325070619583,-0.025369256734848,-0
-1.57663173077807e-37,0.0200349446386099,0.0381553433835506,0.0574072636663914,0.0748862400650978,0.0520591326057911,-0.0174334868788719,0.0258702915161848,0,0.0148080931976438,0.0859194695949554
1.34635456047354e-37,0.0125054363161325,0.0184044968336821,-0.0370344333350658,0.0676473379135132,0.0586128309369087,0.0125627499073744,-0.0220566857606173,0.0309441555291414,0,0.0633364766836166
-1.02133728255416e-37,0.0214444510638714,0.0512116365134716,-0.0634810552000999,0.0780443772673607,-0.0440753847360611,-0.0174790658056736,-0.0249642506241798,0.046545535326004,0.0140652433037758,0
