0,-0.104108467698097,-0.125829666852951,-0.102270372211933,0.105045326054096,-0.0663604587316513,-0.0366990640759468,-0.0711537972092628,-0.103235423564911,0.105589047074318,-0.16974376142025
-0.00417646858841181,0,0.0211979318410158,-0.0236955787986517,-0.0167301427572966,-0.0152088953182101,-0.00870128720998764,-0.0168789848685265,0.0173969306051731,0.0183687973767519,0.0323723331093788
-0.00466765463352203,0.0174327939748764,0,-0.0236454289406538,-0.016383945941925,-0.0182239133864641,0.00645741354674101,0.0116602312773466,0.0156516339629889,0.0223387964069843,0.0269997455179691
-0.00538591621443629,-0.0322345681488514,-0.0283938180655241,0,-0.0216886438429356,0.0206184294074774,-0.00977940578013659,-0.0278465189039707,-0.0234232917428017,0.0254798289388418,0.0452867671847343
0.0142389424145222,-0.0694011449813843,-0.0772973299026489,-0.0730840861797333,0,-0.0478194616734982,0.0214063357561827,-0.0463951826095581,0.0598942339420319,0.0692721530795097,-0.110649779438972
-0.0131981922313571,-0.0418682247400284,-0.0601766891777515,0.0514094866812229,-0.0498437657952309,0,0.0188200548291206,-0.0173199605196714,0.0479453206062317,0.061001256108284,-0.0692592486739159
-0.00568291731178761,-0.0210567116737366,0.0269201956689358,-0.0272285509854555,0.0226434636861086,0.0209645517170429,0,0.00993762537837029,-0.0206601824611425,-0.0288140587508678,-0.0376037247478962
-0.00418469263240695,-0.0353710576891899,0.025175740942359,-0.0292967054992914,-0.0194006394594908,-0.0134488558396697,0.0123193711042404,0,0.0237983968108892,0.0158186238259077,-0.0473352149128914
-0.00681402580812573,0.0282742623239756,0.0338349640369415,-0.0318400040268898,0.0293530095368624,0.0226817168295383,-0.010225048288703,0.0173837803304195,0,0.032231792807579,0.0465215109288692
0.00633426290005445,0.0244596395641565,0.0293255932629108,0.0279128607362509,0.0226707234978676,0.0230009872466326,-0.012618818320334,0.0134158618748188,0.0212017577141523,0,0.0342415198683739
-0.00480168871581554,0.0225122850388288,0.0226176343858242,0.0260722022503614,-0.0179409608244896,-0.018059303984046,-0.00712298741564155,-0.0160387307405472,0.0177153367549181,0.0232699848711491,0
