0,0.0150097825931195,0.00247907766005561,0.19697059451925,0.0169366806342312,0.0228677801951685,0.192037343327752,0.00186503722535468,0.030861296612755,0.0764870236866946,0.00669320529616781,0.238679940586258,0.00309157539603404,0.09295218111001,0.00720351982043601,0.0127999328774631,0.0128079941043189,0.0338772428114011,0.00328595246363638
0.00363510593528556,0,0.0145896797880894,0.00222522998960607,0.0234615195513785,0.0255964271572821,0.00265519921968747,0.00939222577488302,0.0419519030029936,0.0325288502809204,0.0300754812423761,0.00333719220768104,0.018031412863739,0.00998357143542128,0.0343161269137233,0.239624201380176,0.0147540003290487,0.0428216308892983,0.0154068139044189
0.00216284613863048,0.0482550501322411,0,0.00184102101448897,0.0185871151771164,0.0213470363269934,0.00210642477613432,0.18760140788972,0.0303295697854178,0.0872673874294294,0.174874687927071,0.00186883068584988,0.29522257920336,0.00917864913940979,0.0791036043162471,0.0368713284588139,0.199246883618991,0.0323130830840239,0.172690460302142
0.237630937280599,0.0112797379670169,0.00315800377719648,0,0.0540634009107192,0.057249545866624,0.288953810696292,0.0021797781113567,0.0319388541164769,0.0345640635322604,0.0104865575811291,0.289211804988779,0.00585933913835142,0.210245666566109,0.0158010553738954,0.0126347472481214,0.0295650500874257,0.0308869074942613,0.0032750845262635
0.0389699034994198,0.0827530828345916,0.040682868321303,0.0336201220814162,0,0.405694497347764,0.0341418605508445,0.0228072111225924,0.0317912663406349,0.0142218002907247,0.0185740647603778,0.0341922365711735,0.0119099690836613,0.0810640124042698,0.234304643857768,0.0497685332412388,0.0327678663717507,0.030069902465375,0.0234417725873788
0.0290657376287587,0.107089298186605,0.0415514946704854,0.0340881496505118,0.381820757197133,0,0.0349206421707177,0.0127515223276796,0.0284609784072975,0.018804875447046,0.0188599568298982,0.0422377614319944,0.01052728362627,0.0665715008924882,0.197101637364865,0.0566028610928871,0.0352910640343071,0.0304068818862265,0.0200546044951762
0.208570425725027,0.0102054803889824,0.00264265269806169,0.257076073534809,0.0382664408012695,0.0357383799155207,0,0.00245005189021643,0.0324929506946735,0.0418299574379135,0.00777484709716678,0.200833505238445,0.00507312259311892,0.188453343995635,0.0102922209536318,0.0115751309645902,0.0190193201774868,0.0302956512619981,0.00378360617770687
0.00178744482042923,0.0247013780194759,0.182584590193656,0.00122814662937179,0.0058278773135731,0.00566986964574588,0.00136123457358287,0,0.0321230586629176,0.00967336464837036,0.128998929961253,0.0012868955497706,0.137409951899215,0.00200671934081384,0.0552999789317757,0.00852955038786045,0.0104490340731571,0.0312149925099051,0.367815697287236
0.00135538308746027,0.00833847078760341,0.00276423935719207,0.00172208757565886,0.00182069990357714,0.00170701310975005,0.00133662143626276,0.00321790138581366,0,0.006552200376482,0.0082334166106947,0.0012410108584959,0.00303770303412837,0.00202957159867946,0.00372951088397064,0.0109035108746812,0.00559241464647151,0.0764760387185104,0.00699602539829884
0.0610147793223539,0.0168670807778157,0.02990844645861,0.033375487575967,0.0024971043127278,0.00234376121140162,0.0295495311059736,0.00712604510187465,0.0345733286322979,0,0.0515247414623155,0.0317310943516258,0.0373671672418513,0.00551646081769682,0.0278578518422023,0.131012134214647,0.150107112932829,0.0398025988366755,0.0101699664059658
0.0048677202036956,0.0805803154848309,0.108876327744649,0.00359996623546839,0.0102347453132731,0.00892242073737984,0.00346640114315083,0.132931601832313,0.0441502135163134,0.062162497198291,0,0.00551833762597732,0.21300112754429,0.0363135404514854,0.0221156741246989,0.0158071427243884,0.0379704159078139,0.0378980953342451,0.110278300334976
0.24270269705843,0.0141328757640888,0.00337359380313277,0.287246567162182,0.0594137211590938,0.0529075320831576,0.243694487077362,0.00236107462966902,0.0335108944355945,0.0481578876042268,0.00761401466533289,0,0.0044247111236055,0.150829739133827,0.0217495034942248,0.0126437169683583,0.0187727392985349,0.0338073509967115,0.00396635451148729
0.00552510682640555,0.0590161444283601,0.282642131928989,0.00391666877855321,0.00578476245038085,0.0053863703958077,0.00310163027701414,0.0991730770649574,0.0301260752924709,0.137133355144225,0.282730496994892,0.00360636154831217,0,0.0316725366366342,0.0141704311832705,0.0535907711739641,0.217998968788894,0.0317822067626408,0.0981467467203583
0.0971938877841546,0.0406555671727984,0.00964594967997651,0.0836260825876898,0.202814277938689,0.159420237292233,0.0991075041241124,0.00413663612077942,0.0319096079336761,0.0171031426978,0.0307261724443833,0.0870866609385176,0.0161560507662224,0,0.106258616932246,0.0259915495197735,0.0809478722331357,0.0320083395829254,0.00509719057182422
0.00943497311565816,0.0364533113021444,0.0547312661222468,0.00795811174249371,0.125190061293364,0.14050732633871,0.00789666935722955,0.0659134705865968,0.0327592715783623,0.0626132039954963,0.0287678751305945,0.00957610368108792,0.020424106395428,0.0295455573934538,0,0.190263660787119,0.0299101543439849,0.0293908142652873,0.0760834877552832
0.00267001665135409,0.335157258572013,0.0104882907737207,0.00155609707849152,0.00530578825611172,0.00682554479694967,0.00179217497364607,0.00614383791163909,0.0419255620494182,0.0824874222217006,0.010404709784316,0.00184779317542488,0.0115947163820149,0.00692405960371635,0.0514083118051629,0,0.0322952462993853,0.0400750180760978,0.00665439265471885
0.0304984116115815,0.0140888989970989,0.0537423260727191,0.0306555897000731,0.0188962032873847,0.0181381770926374,0.0335341622908083,0.025410731323746,0.0345852363661411,0.190895080983774,0.0430755025977557,0.0305189197010419,0.10964578027796,0.0471455632673476,0.0209044633504004,0.0685794834884764,0,0.0343872264061177,0.024172413683992
0.00199921019123037,0.0108993257594447,0.00290910520466509,0.00138702138542977,0.00159741045776505,0.00165688141006537,0.00177356321215545,0.00259321950569806,0.0702024173561957,0.0062447348017579,0.00646039678302005,0.00145231220290345,0.00316631915676524,0.00193710741321786,0.003530503755261,0.00897554024272575,0.00563206157116848,0,0.00948045144539392
0.00168139030150425,0.0272971893532028,0.124399141016665,0.00125183625931339,0.00749394902644802,0.00747879521068456,0.00145388651649353,0.385890890445028,0.0447901373087585,0.00715169132443472,0.0821318953819142,0.00119933501782621,0.0606006214336646,0.00220754935265907,0.0510820260809388,0.00600840821653658,0.0069995237479404,0.0420658810881697,0
