0,0,-0,0,-6.15407798162021e-38,-1.01307332104259e-37,-1.15260352383622e-37,-0,0,-0,0,0,5.84550253094633e-40,-0,8.58108488287687e-38,-3.60742541488258e-38,0,-1.58224813502308e-37,-0
2.21703219151877e-37,0,-2.40399208738246e-37,2.98949247688784e-37,-2.81768902521429e-37,-3.80843506546122e-37,4.39635443242766e-37,-3.19882068356623e-37,2.46672362337132e-37,-1.72365977718685e-37,2.47705713455888e-37,2.15815119950212e-37,-3.11704942508289e-37,-1.78660049901046e-37,3.82245926049218e-37,3.05309752628742e-37,-1.75343736955375e-37,4.48620030897407e-37,-2.33585759293067e-37
-0,-1.2870069921202e-37,0,7.53017269176568e-38,-2.25854134252512e-37,-1.48923319397364e-37,-2.15971482438055e-37,3.83942371601293e-37,1.41318113899066e-37,5.6821800738905e-38,-2.38799620936025e-37,-2.72740168359968e-37,3.9734515242046e-37,-1.70869772111968e-37,-2.49695019176619e-37,-3.11748416391847e-37,2.80864358757513e-37,4.8025424283605e-38,-2.25746716317431e-37
7.30974059605599e-38,3.40432951115025e-37,5.05651712515104e-37,0,-3.49189272855021e-37,3.20134683233384e-37,4.23562213545329e-37,5.87505748501322e-37,2.95608170996652e-37,-2.3207332104494e-37,4.08141473254432e-37,4.20344114806426e-37,-5.62937645726169e-37,2.90957564074026e-37,4.41016607850756e-37,-4.59721184594114e-37,-4.61519644674392e-37,2.42190068175653e-37,-4.01392281751634e-37
-0,-0,-3.04427102752034e-38,-0,0,0,-0,-6.65460890113117e-38,0,-0,-0,-4.14433180044986e-38,1.17492766572331e-37,0,2.0873212233763e-38,-8.25307510406096e-38,-8.04095747265949e-39,0,0
-0,-7.4356226002226e-38,-3.70449347161024e-37,3.29967112510879e-37,3.91788342596537e-37,0,5.23943164050404e-37,-5.50879304284838e-37,2.55637668124903e-37,0,3.04140307403131e-37,-3.48124936224621e-37,5.07747427236022e-37,1.93486987165088e-37,6.18507761835188e-37,-4.39554862975874e-37,2.66928053166233e-37,3.30472073215095e-37,3.47164676833764e-37
-0,4.50447979902567e-38,-3.61002869111766e-37,3.13171171538257e-37,-3.32620566441374e-37,2.42385510075069e-37,0,5.05297015847814e-37,-2.21249086345558e-37,-0,-2.79954321903618e-37,-3.04184095177544e-37,4.76777341086367e-37,1.57049079249189e-37,5.29940407586859e-37,-3.65819838188077e-37,2.80503003119921e-37,1.90914248026139e-37,3.01740275497313e-37
-0,-9.0098726841307e-38,2.88381304873334e-37,5.14760825156479e-38,-1.88570918261381e-37,-1.07535094843288e-37,1.73945936132017e-37,0,1.10443641146229e-37,3.10494893258376e-38,-2.13184580052206e-37,2.44510192437842e-37,3.588719761942e-37,-1.47982588501905e-37,-2.19941461880977e-37,2.80173440141887e-37,2.62418966178116e-37,6.08164934815435e-39,-1.99670681870012e-37
0,8.84923399389375e-38,3.33802656984327e-37,6.73486855093506e-38,2.66515241849031e-37,1.8132194525349e-37,-2.8458620747876e-37,4.23518986290302e-37,0,-0,-2.53038943307231e-37,2.97286366037527e-37,-4.48124531760421e-37,-1.78673491155916e-37,3.23384238320214e-37,3.68748686503168e-37,2.77372098776662e-37,8.53255679601853e-38,-2.43699345094445e-37
-0,-0,0,-0,-0,0,-0,0,-0,0,-0,0,0,-0,0,-0,0,1.62657582973461e-38,0
0,4.13500055397592e-38,-3.23490243746443e-37,1.07461554699881e-37,-2.52963273190158e-37,1.59992871011104e-37,-2.6397900373248e-37,-4.1385733605925e-37,-1.42166359095879e-37,-0,0,2.65774437008075e-37,-4.23900677571208e-37,-1.43646040591104e-37,3.45291622833634e-37,3.30181993222592e-37,-2.53632623019821e-37,-5.91930780002355e-38,2.3978118006354e-37
0,3.76997687752334e-38,-3.59100488737374e-37,7.35854333741334e-38,-2.5328989904661e-37,-1.34351844448562e-37,-2.24485592541089e-37,4.39361192317716e-37,1.3016608746291e-37,0,2.56163883724226e-37,0,4.7794972343356e-37,1.60360896829386e-37,3.33333659203899e-37,-3.62153974143077e-37,3.07771665874745e-37,0,2.41746293767583e-37
0,-1.42783614253832e-37,4.50117828379179e-37,-1.38480361194543e-37,3.08423034242514e-37,1.94495159753038e-37,3.21531564804949e-37,5.45880547561348e-37,-1.94571614597251e-37,4.43102345326607e-38,-3.32397031310345e-37,3.84694992190901e-37,0,-2.28390955309224e-37,-3.92578630088866e-37,-4.36061392273149e-37,3.99642564437139e-37,5.87803675765225e-38,-3.36813385971286e-37
-0,-0,-1.66649834654174e-37,1.81261851970146e-38,2.04554733906406e-37,1.334318303496e-37,2.04804568607014e-37,-2.57513995558246e-37,-6.16890203781461e-38,-0,-1.12363599408557e-37,1.34624357763516e-37,-3.17310293311017e-37,0,-3.07868972040108e-37,-2.53439064465541e-37,8.20814499113962e-38,6.00907722172574e-38,1.10233760267436e-37
0,1.88659211275021e-37,-4.92057009858263e-37,2.58873030860887e-37,3.32895579672788e-37,2.2524570166969e-37,3.50975939607422e-37,-5.95469518250671e-37,2.43573430019635e-37,9.24678404978086e-38,3.68648062063042e-37,4.06697934049199e-37,-5.70288879890793e-37,-2.43588877933905e-37,0,-4.3882596356667e-37,4.42101728539978e-37,1.03938656729405e-37,3.79745157599397e-37
-0,0,-1.88411730755834e-37,-2.91595356662273e-38,-1.77835245624945e-37,-1.8606812353398e-38,-1.30205155664095e-37,2.98842771426271e-37,3.82102674109807e-38,-0,9.55588134400285e-38,-1.58644765836485e-37,-3.05533332601322e-37,-2.99642929664982e-38,-3.03594585729184e-37,0,-1.15550813529307e-37,0,1.32921813760525e-37
0,-5.05093547310794e-38,2.4424105344959e-37,-2.37785635762046e-38,-1.69744024977668e-37,8.99664666870502e-38,1.36040397887686e-37,2.92450675613733e-37,9.02718152276204e-38,0,-1.60029663503583e-37,1.92217993696571e-37,3.13117339256452e-37,1.09155971171779e-37,1.8387344070772e-37,-2.2973696414134e-37,0,-0,-1.57425120494687e-37
-0,0,0,1.24888357438545e-38,7.26115701777846e-38,2.53672576841636e-38,8.65211782307226e-38,5.91794741947438e-38,0,0,-0,1.02473453449913e-39,6.60618955503366e-38,0,1.69834851538932e-37,5.60805194564711e-38,-0,0,6.2794580406769e-39
-0,-2.36667651821238e-37,-5.10316848100208e-37,-2.6692345690727e-37,3.7248674544505e-37,2.78613828582257e-37,3.84395719680472e-37,-6.20696208883281e-37,-2.70729450798703e-37,1.28121413637256e-37,3.94692774687186e-37,4.23545263439105e-37,-6.12817593239012e-37,2.68559814781195e-37,4.73020829846307e-37,4.72317759170398e-37,-4.47933148021358e-37,1.66118563169992e-37,0
