0,0.00747136632404171,0.0182741339331265,0.193971115450442,0.0257928640797791,0.027258004146432,0.207922140509835,0.0135581612085858,0.031119655981408,0.0449973839941793,0.0316040075170177,0.190479172985237,0.0187595237789974,0.121669429757824,0.0288524162493023,0.00581197269160116,0.0267152937521257,0.0288459087800324,0.0191608124900186
0.00178225623431832,0,0.0602507827893187,0.00167785510760947,0.021315991078972,0.0207943358070048,0.00163536782187479,0.0650257122791087,0.0329017034540665,0.041256705676222,0.155084282505822,0.00171203665206571,0.0595303328760316,0.00592715596511976,0.0404052890543047,0.378199553889448,0.0430460805768661,0.0339408132219351,0.0513816631450756
0.0011877392507958,0.0413746959535235,0,0.0011816806823886,0.00685659440252361,0.00543228863177378,0.00087463559381233,0.115524800086263,0.0331112914809685,0.0386750528591178,0.0781631199996718,0.000913822524270833,0.0843768126845673,0.00347719159440723,0.0160249346007409,0.0399555111311769,0.0430050657954516,0.03340261223962,0.0552094950958224
0.233487836159627,0.00761745928884921,0.0155761270740615,0,0.056259639043255,0.0580491190310422,0.27867525566158,0.0130539645794067,0.0291870372330692,0.039711463086,0.0316593413549309,0.296697601273362,0.0183185669875193,0.186298948663207,0.0285725633738669,0.00642083624115912,0.0296186484897571,0.0282365905367071,0.0182391906371806
0.036295122151325,0.0559056893636924,0.0353039376554871,0.0435727759677741,0,0.412223461040905,0.0444319435243264,0.0294700180940414,0.0282610155236996,0.0260475700268713,0.0233872361982784,0.0449675237612726,0.0261980884999884,0.110008765513308,0.207291885425028,0.0281234332422013,0.0362170241173447,0.0288267775907609,0.0323277629486175
0.0317865330245018,0.0499378980790249,0.0351819297119108,0.0326097030777805,0.419270839964264,0,0.0369906156525752,0.0336421565398007,0.0315721556503166,0.0226060577800441,0.0229055139081221,0.0358469390539823,0.0214882111888286,0.0989451519960431,0.236796973150815,0.0235965247753286,0.0327311285812244,0.0306367651773862,0.0343774449536511
0.260544486040465,0.010492302952812,0.016241256336222,0.279853253499584,0.0317749151283896,0.0243762901648011,0,0.014859425428615,0.0290278363677174,0.0357939818571914,0.0275315263496066,0.277361454701237,0.0189814883804429,0.122002230458918,0.0339677818563152,0.00783100726729681,0.0241132302839475,0.0290077365885159,0.0201015521400872
0.00147810256198282,0.0318026330446715,0.145426216851015,0.0008888646613359,0.0044367019108279,0.00486495996507457,0.000825886513266789,0,0.0325178850090742,0.0348082673011096,0.077611717819659,0.000674637862636261,0.0966983566866323,0.00228097540876884,0.0207030089305922,0.0225526211916379,0.0404066390417235,0.0329729328928221,0.145455583791256
0.00328086605356499,0.00669253702944268,0.0198502656608201,0.00117843092137301,0.00157497844617954,0.00227445673501935,0.00130809977963645,0.0156177304502411,0,0.02414440778981,0.0122533764179203,0.00138052550834196,0.0175818527150494,0.00320684945040133,0.00544152207179585,0.00673403942215391,0.0256203170869681,0.0329363447980328,0.0196785852392688
0.00990214760772717,0.0110579822723262,0.0220231419626013,0.00490263946764282,0.00182846941934149,0.0014350663050184,0.00498035321163941,0.0208749547076274,0.0308684986743237,0,0.0167695482982127,0.00829540587767435,0.0240804820607258,0.00329340699771061,0.0136862149771092,0.0522320817807272,0.0320208493780786,0.0310621372637488,0.0168416094018537
0.00731496626484713,0.116879103605612,0.0955707029758322,0.00754103836033893,0.00585599695138468,0.00624009932502298,0.00900385770116336,0.0912701797151887,0.0295848705228381,0.0511609152502202,0,0.00816573214423818,0.115448685050669,0.0294684053294231,0.0264138839047402,0.0505519016177391,0.0678434274246421,0.0313317024744998,0.0994213539788395
0.267802340951155,0.0123832163396668,0.0196221387178597,0.295113911941005,0.0508089357534093,0.0595651742026028,0.276703551508471,0.0165993643991029,0.033566809351167,0.037478790221157,0.0390097262124343,0,0.0207774731815951,0.202950045344906,0.0408456229159941,0.00941401772702429,0.0311034241408903,0.0316902499684334,0.024210459076886
0.00146348914488934,0.0395038998862805,0.0751295343097837,0.000904970826936742,0.00229944041085635,0.00223047759048351,0.00138615900422207,0.061663839132174,0.0306895466819643,0.0316912543997537,0.0746019817341782,0.00136402827538631,0,0.00976431491411895,0.00985837929430406,0.0389124191935234,0.0477372483597637,0.0319096157835726,0.0464036161581326
0.090107336191055,0.0253892461814744,0.0218404801224673,0.0966705377698223,0.184908382849002,0.199235669675763,0.0948482243554716,0.0158674177811847,0.0316977050967937,0.0274200294339693,0.0511181643929592,0.0918783870522009,0.031986291395619,0,0.110845733927081,0.0118361354853065,0.0454858272238487,0.0308130966977081,0.0241240563858713
0.0163164674190606,0.0351060089010752,0.0682392643189179,0.0137649278859685,0.148389825814174,0.136585054174585,0.0137722419912786,0.0787213208110638,0.030798560177387,0.034664846258951,0.043725517793729,0.0153329456459231,0.0483423734611724,0.03721584106209,0,0.173414369643276,0.0281671997331106,0.0318153190679767,0.0766194313402311
0.00167624945817158,0.435891632853392,0.0443174409191808,0.00121386311290981,0.00284975145477304,0.00344362440062179,0.000959096952733957,0.0307854376500294,0.0324065859232724,0.0787188125886489,0.0495626333108452,0.000781417060721544,0.0412655489117933,0.00301572121341462,0.06231895736075,0,0.0704767193786545,0.0416523895775313,0.0288729923214233
0.00286520668287048,0.0158546682606687,0.0238688816726707,0.00306073072312971,0.00337980096637885,0.00307052680832589,0.00238839415666959,0.0196106359413473,0.0353297044169096,0.0309604003844143,0.0216658366100767,0.00213690979463964,0.0284471586620032,0.00698680586916785,0.00936846713046984,0.0484675105830441,0,0.0314903192459123,0.0176972792382778
0.00205574803493589,0.00665220076497708,0.0180314792454942,0.00120970284405226,0.00226533143314183,0.00183292169238696,0.00130067475515625,0.0149155327044093,0.0333515896844629,0.0262125065936839,0.0122179279743252,0.00110277651447004,0.0192352359984704,0.00354805659719174,0.00764211238236272,0.00879514713239267,0.0263741752918683,0,0.0197682249259212
0.00313110788421987,0.0208501881809956,0.0428756930631775,0.00286078325314699,0.00664264366294933,0.00636504315841416,0.00231753745878232,0.170045166105934,0.030372722676437,0.0245967349479653,0.0485748270323141,0.00269705231790288,0.0588073902720048,0.00634083204862999,0.0258634543468825,0.0111986840722873,0.0212335781523428,0.0304128333666999,0
