0,-0,-0.0112770376726985,0.00299593666568398,-0.0153022995218635,0.00878062099218369,0.0473887845873833,0.0147989429533482,-0.00376631645485759,0,-0.00795790273696184
-0.0486523881554604,0,-0.0367488674819469,0.0578068234026432,0.0536809749901295,-0.0396800376474857,-0.0749471858143806,-0.0256625525653362,0.0208180025219917,-0.0373636670410633,0.0403991267085075
-0.00455518858507276,-0,0,0.0154892578721046,-0.0199165660887957,-0,0,-0.0115616424009204,-0.00828263070434332,0.0555095747113228,0.0195547286421061
0.0193918645381927,0,0,0,-0.0555187948048115,-0.0262678433209658,-0.0484418831765652,0.0145120928063989,0.0359367616474628,0.0373191125690937,-0.0191393811255693
-0.051388218998909,0.453923761844635,-0.0373242571949959,-0.0542839467525482,0,-0.0374925471842289,0.120036005973816,-0.0328326225280762,-0.0356329567730427,-0.0709368884563446,0.0447699762880802
0.0167386960238218,-0,-0.0107617266476154,-0.0171923171728849,-0.0197858475148678,0,0,0.0110250674188137,-0.0137106999754906,-0.00230970745906234,-0.00405344646424055
0.0304477382451296,-0,0.0380024313926697,-0.0266573037952185,0.0320044793188572,0.0326933637261391,0,0.0199038609862328,-0.0255585890263319,-0.0288018751889467,-0.0274813901633024
0.0420121364295483,-0,-0.0287740752100945,0.0274370964616537,-0.0323046706616879,0.030972933396697,0.0257607512176037,0,-0.0175633318722248,-0.0359080471098423,-0.0151366535574198
-0,0,-0,0.0131633644923568,-0,-0,-0,-0,0,0,0
0,-0,0.0253099668771029,0.0469945333898067,-0.0200571399182081,-0.0117238145321608,-0,-0.0120146283879876,0.0447661615908146,0,-0.0209959987550974
-0.0471005216240883,0.0270500835031271,0.0248983316123486,-0.037394143640995,0.0593704096972942,-0.0252713207155466,-0.0961948335170746,-0.0254013631492853,0.0206346735358238,-0.0143776861950755,0
