0,0.0103563802476889,0.00524403716347521,0.187855001305044,0.0292479921999448,0.0350456202577713,0.194850607732755,0.00387047988245874,0.0309392182641146,0.0436384462223413,0.00974642504039333,0.181724421941023,0.00728399028608264,0.109385590002859,0.015729773971701,0.00636316863305871,0.0216127727148857,0.0309350263221933,0.00620473743866409
0.00246639577779137,0,0.028374116065117,0.00120765908367829,0.0224654228278176,0.0239414458300799,0.00227407794722523,0.0277422570809796,0.0345151250804721,0.0330185501608538,0.0758740051680091,0.00126312863126719,0.0390283599889428,0.00516150000436894,0.0396001383084461,0.286960047545195,0.0313530771387892,0.036841200090299,0.0282491852730861
0.00169538201888835,0.0499158666902086,0,0.00110088324230846,0.0150949254373528,0.01607643001792,0.00164624843914606,0.159693625205152,0.0323660887077953,0.0584273045510588,0.15077806744402,0.00182093244566439,0.240643568042759,0.00844191919465457,0.0499727031786637,0.0528063389929712,0.123830979199246,0.0316656580857293,0.142971744355639
0.224466966613423,0.0107321242346206,0.00473483123688784,0,0.05313753992534,0.0489534817508941,0.299738015313411,0.00408075660293195,0.0325223959699107,0.0337225361307565,0.0115735784296634,0.310421316334808,0.00703170443489381,0.194227436684829,0.021693880476728,0.00687948519797262,0.0211411996750244,0.031007989497676,0.0069841842323001
0.0481244934245967,0.0633653456246901,0.0304765344392437,0.044608167291035,0,0.380709924801609,0.0356581014445211,0.0132607128929325,0.0309471728470051,0.0187107043202827,0.0170034385236566,0.0406422026578258,0.0133253927551818,0.102631547691485,0.189712507376633,0.0342091606763123,0.0371059657119106,0.0307441574410756,0.0167863112279722
0.0326929124582426,0.0681615325229485,0.0386840864263796,0.0355289652161836,0.401040391230994,0,0.0283611029465313,0.0194779169546723,0.0325712927853241,0.0192270930843315,0.0153432599678329,0.0315679123567364,0.0114856476893048,0.102847838221861,0.25211249108642,0.0310460359890819,0.0266191103793123,0.0302355200235179,0.0235796592280251
0.256544389457504,0.010803995382461,0.0051127603552985,0.265920843412581,0.0288558806980887,0.0265101375610955,0,0.00368329064814797,0.0321299044056866,0.0336150085711528,0.00965367326429572,0.24263465673149,0.00689581990573385,0.114312164530775,0.0145304979892969,0.00713180222167417,0.0205835963707908,0.0301483838978043,0.00621436935406688
0.00106807087754201,0.0370325574147929,0.249832702599727,0.000800387327150526,0.00536834939911419,0.00752601709859785,0.0011815233011995,0,0.0320048330400592,0.0347399292783745,0.156002998014732,0.000932715495929288,0.168145283427207,0.00186287789696495,0.0532131425851491,0.013771210294694,0.049113617411197,0.0317950568427371,0.361032308167989
0.00235799597554017,0.00629555699492246,0.00573065420929351,0.00176457940859175,0.00176256783132837,0.00217264673421043,0.00146289700252153,0.00455248259399289,0,0.0196256305207924,0.00649515172004754,0.00138155578812582,0.00577099970319816,0.00245419585610033,0.00503762345972299,0.00806098061355924,0.0164781559730029,0.0342003897957243,0.00688573041595317
0.0265286158493904,0.0162951268168709,0.0104071192266808,0.0158071695364857,0.00179060510799859,0.00209399105139,0.0127903804331361,0.00594025357912873,0.0329665700738574,0,0.018557995725536,0.016077881771627,0.0175532232971178,0.00366723331747661,0.0217794502462205,0.0832578078272691,0.0563865430953438,0.0350661797594058,0.00678258791202894
0.00588500228193442,0.111399669607528,0.13608223230274,0.00542671769594999,0.0122259749955935,0.0104889197036576,0.005589443588059,0.138831893625212,0.0316475500381133,0.0719465824172668,0,0.00431599980554619,0.195883727622461,0.0486856511553865,0.0237602099618518,0.0282752621829998,0.0673270230236122,0.033174390708516,0.130825638067077
0.262472829534934,0.00988821982225151,0.00547670075073545,0.295132246261806,0.0475394246590677,0.0560820916994979,0.269842117493145,0.00408214127668092,0.0306402754638109,0.0319501087392523,0.0147167532107356,0,0.00927946296578786,0.196930609150198,0.0251983461779905,0.00710973048141901,0.0224376758199341,0.0309428582636079,0.00596756034973556
0.00296194942955138,0.0772305269170127,0.196898449877602,0.00258919915522467,0.004449104836423,0.00444779445052488,0.00189576196552435,0.105359895116593,0.0335876357818183,0.110644138016227,0.239723552091349,0.0034793277625498,0,0.0210069076659873,0.0130822003706913,0.0753798928705217,0.126484074898648,0.0301735135447903,0.0783320072323272
0.0810082869497793,0.0279209789842713,0.00933648278403157,0.0973516205987064,0.200918714933064,0.201407522267709,0.101449440278932,0.00491659172735221,0.0320576140819427,0.0215218996422653,0.0323210676963809,0.114344173231165,0.0198761119870135,0,0.0995390885979835,0.0153635007103047,0.0400868819830125,0.0329071811138822,0.00856076012619172
0.0125518638465717,0.036092484722412,0.0623532915295153,0.0160353559927685,0.13015105024615,0.140139006294306,0.0126357309358362,0.0603717000254949,0.0297235714625,0.0395397726598977,0.02821302516669,0.0169565160708453,0.022289185704586,0.0356633071459194,0,0.189123566358439,0.0323750810354878,0.0283762586211567,0.0568385093956767
0.0018362373400927,0.349412938105027,0.02093343947905,0.00178004211026086,0.00349743041766432,0.00409595868950366,0.00178979520927577,0.0087784448042413,0.0353449436565709,0.0876776296373884,0.0240960458025596,0.00176820166336606,0.0199510306279788,0.00370154279329185,0.0601135334615235,0,0.0608679333444516,0.0387067067171074,0.0143830271402804
0.00777373095774926,0.0186225426146137,0.027008308672715,0.00570493176271492,0.0101848167848808,0.00706151458021392,0.00625567888467591,0.0141659023396562,0.0330404243260913,0.0661973120708082,0.0218301702561895,0.00902218824129637,0.0526834060385547,0.0112912795097938,0.017508748535546,0.0771552423683498,0,0.0318805029001936,0.0125608769681111
0.00191005685000547,0.00629907700342188,0.00472029773283573,0.00128662174233272,0.00210724680942399,0.00189862849536864,0.00148489316680566,0.00424132780032311,0.0368432104949833,0.0192041961584896,0.00593921412518253,0.00148488838885062,0.00663775209964287,0.00227811361116041,0.00566555441019854,0.00568227443723243,0.0162113210214439,0,0.00840018343877889
0.00244511808505555,0.0275181918805086,0.0946978897471624,0.00236608067754351,0.00682051334565026,0.00678874895047228,0.0021661856285966,0.370026660726516,0.0309385938810822,0.0196793533872344,0.0894332283688352,0.00191997167431161,0.069467637786897,0.00318564794846087,0.0289039862083239,0.0118655552127526,0.024567070970087,0.0347133220863644,0
